69 6 2 0 1 1 0
34 1 2 0 10 1 1
24 1 2 4 1 1 1
44 6 2 0 1 2 0
41 3 2 14 6 1 1
43 6 2 3 1 1 0
39 3 1 0 3 2 0
27 3 2 0 1 1 0
23 1 2 3 4 2 1
37 3 1 0 1 2 0
41 1 2 0 1 1 0
47 3 1 1 14 1 1
31 1 2 7 3 1 1
37 4 2 0 0 2 0
25 1 2 3 1 1 0
31 3 2 6 1 1 1
31 3 2 5 1 1 1
64 1 2 13 1 1 1
21 1 2 1 3 1 1
27 3 2 0 0 2 1
21 3 1 0 1 1 0
24 4 2 1 1 1 1
43 3 2 1 1 2 0
32 6 2 0 2 2 0
27 1 2 8 17 1 1
26 1 2 5 1 1 1
33 1 2 0 38 1 1
30 3 2 9 44 1 1
32 1 2 4 1 1 1
55 3 2 0 2 1 0
49 6 2 7 4 1 1
33 3 1 4 11 2 1
24 3 2 1 1 2 1
34 1 2 21 33 1 1
29 3 2 0 0 2 0
21 1 1 2 80 1 0
51 1 2 2 1 2 0
29 3 2 2 1 2 1
51 1 1 7 2 1 0
29 1 2 0 0 1 1
25 3 2 9 7 2 1
35 1 2 13 1 1 1
49 3 2 0 0 2 0
29 1 2 0 0 1 0
29 3 2 1 0 1 1
28 6 1 0 1 1 0
31 1 2 15 136 1 0
24 1 2 2 2 1 1
30 4 2 0 23 2 0
49 1 2 4 1 2 0
53 3 2 8 13 1 0
35 1 2 5 1 1 0
27 1 2 15 1 1 1
38 3 2 4 2 2 1
22 1 2 1 1 1 1
29 1 2 4 19 1 1
62 4 2 0 0 2 0
27 1 2 6 30 1 1
33 6 2 0 1 2 0
56 1 1 0 3 2 0
45 4 2 6 242 1 1
22 4 2 1 1 1 0
39 1 2 1 5 2 0
29 1 2 5 1 1 1
27 3 2 1 14 1 1
40 1 2 2 3 1 0
22 1 2 1 17 2 1
22 3 2 0 58 1 0
26 1 1 1 2 1 1
32 1 2 0 1 1 0
41 1 2 1 2 2 0
30 1 2 8 1 2 1
50 6 2 0 1 1 1
25 1 2 14 7 1 1
20 6 2 0 1 1 1
22 1 2 2 30 1 1
35 1 1 1 1 2 0
36 1 2 9 4 1 1
26 3 2 7 0 1 1
21 6 2 1 4 1 1
25 3 2 9 1 1 1
20 3 1 0 1 1 0
39 3 2 2 0 1 1
54 3 1 0 0 2 0
44 4 1 0 1 2 0
19 1 2 1 9 2 1
30 1 2 1 1 1 0
39 3 1 0 2 1 1
24 3 2 8 12 1 1
30 3 2 0 6 1 0
31 3 2 0 39 2 0
39 3 1 1 107 1 0
43 3 2 1 1 1 0
21 1 2 3 6 1 1
38 3 2 5 3 2 1
34 3 2 0 15 1 0
33 1 2 5 0 1 1
37 1 2 3 1 1 0
42 3 2 1 1 1 1
41 1 2 10 176 1 1
22 1 2 0 1 1 1
33 1 2 28 2 1 1
31 1 2 1 1 2 0
30 6 1 1 1 1 0
31 3 2 13 471 1 1
27 1 2 3 1 1 1
52 3 2 3 1 2 0
33 1 2 19 1 1 1
42 3 2 6 0 1 0
25 3 1 2 3 1 0
30 3 2 1 4 2 0
37 6 1 2 2 2 0
28 3 2 0 1 2 1
24 1 1 0 2 2 0
29 3 1 10 7 1 1
44 3 2 2 0 2 1
32 1 2 3 8 1 1
31 3 2 2 15 2 1
31 1 2 1 1 2 0
59 3 2 1 1 1 1
20 1 1 1 3 1 0
43 3 1 0 1 2 0
38 1 2 9 13 1 1
32 1 2 11 1 1 1
33 1 2 8 1 2 1
31 1 1 0 2 1 1
33 1 1 7 26 1 1
27 1 2 2 1 1 1
20 1 1 0 0 1 0
26 3 1 0 1 2 0
61 1 1 1 1 1 1
52 6 2 13 2 1 1
63 4 2 1 15 1 0
32 1 1 4 7 1 1
29 4 2 1 1 1 0
26 1 1 2 1 2 1
39 3 2 1 4 2 0
30 3 1 3 530 1 1
30 1 2 1 70 1 0
48 3 2 2 1 2 0
22 1 2 1 1 1 0
46 3 2 6 23 1 1
31 3 2 0 2 1 0
25 1 2 1 2 2 1
23 4 2 0 0 1 0
32 1 1 5 1 1 0
52 4 2 2 3 2 0
62 1 2 8 16 1 0
31 4 2 8 117 1 1
28 1 2 6 1 2 1
54 4 2 2 188 1 0
58 4 2 0 1 1 0
78 3 2 1 1 2 1
56 3 2 0 1 1 0
24 6 2 0 2 1 0
22 1 2 1 0 1 1
47 1 2 23 1 2 1
23 1 2 0 1 2 1
57 4 2 1 20 1 0
66 1 2 3 2 1 0
45 3 2 8 71 2 1
37 1 2 2 0 2 1
39 3 2 0 1 1 1
26 1 2 9 79 1 1
45 3 2 2 359 1 0
23 1 2 0 1 1 1
34 1 2 2 26 2 0
23 1 1 1 1 2 0
36 6 2 2 3 2 1
50 3 2 1 2 1 0
37 3 1 0 0 2 0
44 3 2 4 1 2 0
35 1 1 23 2 1 1
24 6 2 5 1 1 1
26 1 2 2 1 1 1
27 1 2 0 3 2 0
28 1 1 0 29 1 0
28 3 1 7 1 1 1
38 1 2 2 1 1 0
28 1 1 1 39 1 0
56 3 2 7 1 1 1
38 1 2 15 2 1 0
28 1 2 2 1 2 0
51 3 1 0 1 2 1
51 3 2 0 1 2 0
36 6 2 1 1 2 1
48 1 2 0 1 1 0
37 3 2 4 2 1 1
30 1 1 2 3 1 0
41 1 1 5 0 2 0
27 1 2 11 223 1 1
37 1 2 0 2 2 0
33 6 2 4 2 1 1
54 1 2 11 130 1 0
23 1 2 2 72 1 0
41 1 2 0 1 2 0
52 3 2 0 1 1 0
43 3 2 13 51 1 1
52 1 2 0 14 1 0
28 3 2 1 3 1 0
30 1 2 11 1 2 1
28 3 2 1 6 1 0
22 1 2 0 1 1 0
30 1 2 4 0 1 0
25 4 2 4 1 1 0
31 3 2 0 31 1 1
37 3 2 0 35 1 1
32 1 2 14 1 1 0
53 3 2 1 1 2 0
28 1 2 25 26 1 1
44 3 2 8 5 2 1
25 1 2 0 0 1 0
22 3 2 1 6 2 1
37 6 1 0 1 2 0
40 6 1 3 1 1 0
31 4 1 0 1 2 0
23 4 2 1 1 1 1
23 3 1 5 1 1 1
24 4 2 0 1 2 0
29 1 2 1 1 2 0
20 1 2 1 1 1 1
30 1 2 2 2 1 1
39 6 2 0 1 1 0
27 1 2 4 1 1 0
37 1 1 2 1 1 0
20 1 2 0 3 1 0
22 4 2 0 2 1 0
52 1 1 0 1 1 0
23 1 1 0 4 1 1
48 1 1 0 2 1 0
25 3 2 0 0 1 0
27 3 2 0 2 1 1
30 1 2 11 1 1 1
22 1 2 3 1 2 1
22 3 1 1 1 1 0
41 1 1 2 1 2 0
25 6 1 0 1 1 0
52 1 2 3 25 1 1
43 1 2 0 41 1 0
37 3 2 3 3 1 0
70 3 2 1 13 2 0
46 3 2 3 14 1 0
21 1 2 0 1 2 1
26 1 2 1 2 2 1
38 4 2 3 2 1 1
34 3 2 5 1 2 0
34 1 2 5 1 2 0
23 3 2 0 1 1 1
34 1 2 5 3 1 1
39 1 2 6 3 1 1
24 6 2 0 1 1 0
58 3 2 2 2 1 0
21 1 1 0 1 2 0
23 1 2 4 11 2 1
62 3 2 0 2 1 0
37 3 2 5 11 1 0
43 6 2 2 8 1 1
32 1 1 5 0 1 0
23 4 2 0 46 1 0
27 1 2 0 1 2 0
44 3 2 0 1 2 1
28 3 2 3 1 2 1
42 3 1 0 1 1 0
24 6 2 9 5 1 1
27 1 2 0 17 1 0
20 1 2 0 1 1 1
51 3 1 0 1 2 0
56 3 2 0 1 2 0
29 1 2 7 1 1 0
20 1 2 0 210 1 1
27 3 2 8 68 1 0
24 1 2 2 19 1 1
53 3 2 36 33 1 1
28 3 2 2 1 2 1
21 4 2 3 22 1 0
36 1 1 0 12 1 0
25 3 1 2 1 2 1
23 4 1 1 0 2 0
28 3 2 1 1 1 0
21 1 1 0 1 1 1
36 3 2 0 1 2 0
24 1 2 0 1 1 0
30 6 2 1 1 1 1
29 1 2 0 1 1 0
30 3 1 0 4 2 0
51 4 2 1 1 2 0
32 1 2 12 2 1 1
23 1 2 1 1 1 0
47 1 2 3 0 1 0
37 3 2 0 19 1 0
19 1 2 2 1 1 1
27 4 2 0 2 2 0
39 6 2 0 1 2 0
21 3 1 0 0 1 0
69 3 2 0 1 2 0
21 3 2 2 2 1 0
26 1 2 6 4 2 1
22 3 2 0 0 1 0
23 1 1 0 1 1 1
49 1 2 3 4 1 0
29 1 2 2 51 2 0
60 3 1 0 1 2 0
23 1 2 3 0 1 1
20 6 1 1 3 1 0
36 4 2 1 95 1 0
30 3 2 0 2 1 0
21 1 2 1 0 1 0
22 3 2 2 1 2 1
21 1 2 4 220 1 1
21 1 2 0 12 1 1
34 3 2 1 0 2 0
50 3 1 1 1 2 1
40 3 2 0 8 1 1
25 1 2 7 127 1 1
53 3 1 1 1 2 0
24 1 1 0 1 1 0
42 1 2 1 4 1 0
28 1 2 1 2 2 0
26 1 2 6 1 1 1
22 1 2 4 260 1 1
21 3 2 3 6 2 0
37 1 2 23 17 1 1
35 1 2 2 5 1 0
53 1 2 2 1 1 0
29 1 2 7 1 1 0
48 3 2 23 361 1 1
52 3 1 0 0 2 0
27 1 2 12 32 1 1
28 1 2 5 51 1 0
33 3 2 3 0 2 0
28 4 1 0 2 1 0
36 1 2 14 1 1 1
29 1 2 2 2 1 0
22 1 2 0 21 2 1
25 3 2 0 0 1 0
56 1 2 5 12 1 0
27 1 2 9 52 1 1
52 3 2 4 7 1 1
32 1 2 3 1 1 0
60 6 2 4 1 1 0
23 4 2 1 5 2 0
39 3 1 0 1 2 0
56 3 2 0 1 2 0
22 1 1 0 0 1 0
53 1 2 11 110 1 0
25 3 2 0 0 2 1
21 4 2 0 0 2 0
22 3 2 0 2 1 0
58 3 1 2 1 2 0
31 1 2 7 1 2 1
22 3 2 1 1 1 1
28 1 2 8 3 1 1
42 6 2 1 2 1 0
20 1 2 0 1 1 1
29 3 2 0 5 2 1
58 1 2 21 59 2 1
22 1 2 3 106 1 0
48 4 2 1 1 2 1
37 3 2 0 0 1 0
57 1 2 1 26 1 1
27 3 2 3 0 2 0
26 1 2 3 33 1 0
24 3 2 3 0 1 1
33 3 2 0 1 1 0
29 1 2 2 1 1 0
24 1 1 3 1 1 1
19 3 2 1 32 1 1
36 3 2 2 1 2 0
24 3 1 0 0 1 0
34 3 2 0 0 2 0
25 4 2 2 1 1 1
20 1 2 1 1 1 1
24 1 2 1 2 2 1
61 3 2 4 2 1 0
50 1 1 3 0 1 0
30 1 2 1 4 2 0
38 1 2 5 1 1 0
24 3 2 0 1 2 0
46 1 1 2 10 1 1
41 3 2 0 4 2 1
20 6 2 0 22 1 1
27 1 2 13 1 2 1
26 1 2 1 13 2 1
29 1 2 3 1 1 1
52 3 2 6 2 1 1
28 3 2 1 4 1 1
55 1 2 5 119 1 1
26 1 2 10 1 1 1
28 1 2 5 1 1 0
63 3 2 2 3 1 0
42 1 2 0 1 1 0
23 1 2 6 1 1 0
54 1 2 28 6 1 1
35 1 2 8 10 1 1
24 1 1 6 26 1 1
54 1 2 2 1 2 0
58 1 2 12 4 2 1
23 3 2 1 0 2 1
35 1 2 1 1 2 0
20 1 2 1 2 1 1
51 3 2 0 35 1 0
24 4 2 0 1 1 0
37 3 2 3 7 1 0
47 3 2 3 1 1 0
34 3 2 4 1 1 1
56 3 2 0 1 1 0
34 4 2 4 32 1 1
59 3 2 1 0 1 1
35 2 2 0 101 1 0
58 4 2 1 10 1 0
29 4 2 2 1 2 0
24 3 1 6 3 1 1
21 3 2 2 9 2 1
50 2 2 5 11 1 1
26 1 2 1 1 1 0
30 3 1 0 1 2 0
29 3 2 0 1 2 1
54 1 2 0 1 2 0
29 1 2 4 8 1 1
59 3 1 0 1 2 0
38 1 2 0 1 1 0
27 3 2 1 1 2 1
26 4 2 7 1 1 1
52 4 2 20 28 1 0
66 1 2 33 14 1 1
27 3 2 2 0 1 0
51 3 2 1 1 2 0
35 3 2 1 74 1 0
52 3 2 4 1 2 0
48 6 2 12 1 1 0
26 1 1 0 1 2 0
48 3 1 0 1 2 0
30 4 2 7 38 2 0
28 6 2 2 2 2 0
33 1 2 2 0 2 0
34 1 1 6 52 1 0
25 6 2 0 0 2 0
59 1 2 10 127 1 1
29 1 2 5 2 1 1
24 3 2 0 1 1 0
48 3 2 1 129 1 1
52 1 2 4 1 2 0
20 1 2 0 0 1 1
25 3 2 4 5 1 1
24 3 2 0 15 1 0
23 3 2 0 1 2 0
27 3 2 6 1 1 0
25 1 2 1 1 2 1
31 1 2 0 0 1 0
25 1 2 6 4 1 1
32 3 2 1 1 1 1
21 3 2 0 0 1 1
37 6 2 1 5 1 0
25 3 2 0 0 1 0
32 4 2 20 1 1 0
35 1 2 0 2 1 0
42 1 2 14 2 1 1
24 3 2 9 10 2 1
21 4 2 0 1 1 1
47 3 2 1 0 2 0
27 1 2 5 1 1 1
43 4 2 2 4 2 1
46 3 2 2 1 1 1
44 1 2 1 0 2 0
23 3 2 2 1 1 0
42 1 2 8 2 1 0
58 1 2 6 144 1 0
26 1 2 3 2 1 0
48 6 1 0 17 1 0
39 1 2 3 3 1 1
21 1 2 3 0 1 1
63 3 2 1 6 2 0
22 1 2 3 8 1 1
50 1 2 3 1 2 0
38 1 2 0 10 1 0
41 3 2 1 6 1 0
28 1 2 16 1 1 1
30 1 1 0 1 2 0
23 1 2 1 0 1 0
25 3 2 2 12 1 1
40 3 2 5 0 1 0
24 4 2 8 0 1 0
27 1 2 5 64 2 1
44 3 2 11 180 2 0
35 1 1 6 1 1 1
42 3 2 0 0 2 0
38 1 2 15 0 1 0
26 4 2 4 0 1 0
25 1 1 0 1 2 0
64 4 2 1 8 1 0
49 3 1 2 0 2 1
50 3 2 5 1 1 1
66 3 2 0 1 2 1
46 3 1 0 1 2 0
30 1 2 5 1 1 1
22 3 1 0 0 2 0
23 3 2 1 10 2 0
30 6 2 0 1 2 1
31 4 2 0 1 2 0
31 6 2 1 1 1 0
25 1 2 0 1 2 0
21 3 1 0 2 1 0
27 1 2 0 1 2 0
20 4 2 0 1 2 1
32 4 2 1 0 1 0
24 3 1 0 1 1 0
20 1 2 1 1 1 0
31 1 2 3 20 2 1
27 1 2 3 6 2 1
40 1 2 0 1 1 0
22 1 2 11 0 1 1
38 1 1 1 1 1 0
36 4 2 1 40 2 1
30 1 2 1 1 2 0
27 3 2 6 34 1 1
59 3 1 0 0 2 0
37 3 2 2 1 2 0
28 1 2 5 1 2 1
38 3 2 0 0 1 0
22 1 2 0 1 1 1
25 1 2 4 32 1 1
51 3 2 0 0 2 0
29 3 2 2 25 2 1
28 1 2 10 0 1 0
55 1 2 9 4 2 1
23 3 1 3 6 1 0
22 1 1 0 8 2 0
19 3 1 2 22 1 1
31 1 2 1 0 2 0
29 1 2 0 1 2 0
61 1 2 15 1 1 1
31 4 2 0 0 2 0
20 1 2 4 2 1 1
26 3 2 3 1 1 1
27 3 2 5 1 2 0
25 3 2 1 1 1 0
23 3 2 3 9 1 1
38 1 2 0 2 1 0
27 1 2 18 0 1 1
35 3 1 0 0 1 1
22 6 2 0 16 1 0
58 1 1 4 1 1 1
57 3 1 0 2 2 1
21 1 2 0 1 1 0
22 1 1 0 1 1 0
30 1 2 0 3 1 0
30 1 2 8 2 1 1
31 1 1 10 1 1 0
45 3 1 1 1 1 0
39 3 2 2 5 1 1
31 1 2 0 2 1 1
22 1 2 1 1 1 1
27 1 2 13 2 1 1
38 3 2 1 1 1 1
31 1 2 23 55 1 1
47 1 2 20 2 1 0
22 1 2 3 1 1 0
35 1 2 1 80 2 1
23 4 2 2 19 2 1
65 1 2 2 5 2 1
35 1 2 0 1 2 0
33 1 1 0 1 1 0
53 3 2 1 1 2 0
52 4 2 0 2 1 0
21 1 2 0 1 1 0
37 1 2 11 2 1 0
30 6 2 4 1 2 1
54 6 2 0 0 1 0
31 1 1 0 0 2 0
59 3 1 2 29 1 0
27 1 2 0 1 2 0
36 1 2 0 1 2 1
46 1 2 17 6 1 1
22 1 2 3 323 1 0
28 3 1 0 1 2 0
34 3 1 15 3 1 1
29 4 2 7 1 1 1
23 1 2 2 80 2 1
27 1 2 3 1 1 0
21 2 2 0 1 1 1
48 3 2 3 1 1 1
31 1 2 5 7 1 0
36 1 2 4 2 2 0
44 1 2 14 2 1 1
53 3 2 2 1 1 0
33 1 2 3 2 2 1
47 3 2 2 2 1 1
57 1 2 20 33 1 1
28 1 2 2 6 2 0
24 1 2 1 1 2 0
44 1 2 1 1 1 0
46 1 2 0 1 1 0
37 1 2 6 1 1 0
26 1 2 10 6 2 1
27 1 2 10 0 1 1
40 3 2 1 2 1 0
60 3 1 9 385 1 1
53 3 2 1 6 1 0
28 1 2 0 1 1 0
23 4 2 0 0 2 0
46 3 1 2 20 1 0
23 1 2 0 1 1 1
50 1 2 18 249 1 1
45 1 2 0 2 2 0
22 1 2 1 1 1 0
26 3 2 1 16 1 1
62 3 2 0 3 1 0
34 3 2 0 0 2 1
24 4 2 1 6 1 0
21 3 2 0 1 2 0
25 3 2 0 1 1 1
68 3 2 0 3 2 0
21 3 2 1 1 1 0
37 4 1 1 2 1 0
22 1 2 0 0 1 0
42 3 2 1 1 1 0
22 3 2 1 1 1 1
45 1 2 0 3 1 1
36 1 1 4 1 1 1
48 1 2 2 1 1 0
23 1 2 6 8 1 1
24 1 2 0 1 1 0
29 1 2 0 1 1 0
24 1 2 0 1 1 0
50 1 2 11 2 1 0
34 1 2 10 2 1 1
23 1 2 0 0 1 0
22 3 1 0 2 2 0
36 6 2 0 7 1 0
30 3 2 22 3 1 1
21 1 2 0 1 1 1
53 3 1 0 1 1 0
25 1 2 7 1 2 1
25 1 1 1 0 2 0
71 1 2 8 25 1 0
39 1 2 10 41 2 0
37 1 1 0 37 1 0
20 1 2 0 8 1 1
29 1 1 3 1 1 0
22 1 2 2 1 1 1
26 1 2 4 83 1 1
47 1 1 19 31 1 1
21 6 2 1 1 1 1
23 6 1 0 1 2 0
20 3 1 1 17 1 1
23 1 1 0 1 1 0
27 5 2 3 1 2 0
53 1 1 0 0 1 0
23 1 1 0 1 1 0
26 1 2 5 22 1 1
25 1 2 6 6 1 0
23 6 2 2 1 2 0
27 1 2 4 0 1 1
29 1 2 1 3 2 0
27 6 2 1 1 1 1
28 4 2 0 1 1 0
31 1 2 0 1 2 0
41 1 2 8 1 1 1
25 3 2 0 0 2 0
47 3 2 0 0 2 0
37 1 2 4 1 1 0
35 1 1 4 2 1 0
24 3 2 1 1 2 1
21 3 2 2 6 1 1
22 3 2 0 3 1 1
57 1 2 11 140 1 0
48 3 2 0 11 1 0
36 6 2 0 5 1 0
37 1 1 3 28 1 0
31 3 2 0 5 2 0
22 1 2 1 4 1 1
31 3 2 2 0 2 0
24 1 2 0 1 1 1
32 1 2 22 0 1 1
23 6 1 0 1 2 0
63 1 2 0 1 2 0
30 6 2 0 1 1 0
20 3 2 0 1 1 0
24 1 1 1 0 2 1
36 1 1 1 1 2 0
83 4 2 0 1 2 0
28 3 2 2 0 1 0
36 1 2 3 1 1 1
33 1 1 0 2 2 0
39 1 2 0 0 1 0
29 6 2 3 0 2 0
30 1 2 17 4 1 1
24 1 2 1 1 1 1
35 1 2 7 1 1 0
24 1 2 0 1 1 0
26 3 2 8 2 1 0
28 1 2 14 1 1 1
32 1 2 0 1 2 0
32 3 1 1 1 2 1
33 1 2 5 6 2 1
29 1 2 16 17 1 0
34 3 2 1 1 2 1
37 6 1 0 1 2 1
43 3 2 0 0 2 0
47 3 2 2 0 1 0
25 1 2 3 2 2 1
23 1 1 1 2 1 0
39 3 2 2 1 2 0
35 1 2 13 5 1 1
33 6 2 0 1 1 0
21 6 2 0 1 1 1
43 1 2 20 1 1 0
25 1 2 3 1 1 1
48 1 2 25 6 1 1
22 1 2 1 1 2 1
52 1 2 9 39 2 1
26 3 2 5 35 1 1
67 1 2 4 28 2 1
34 1 2 4 1 2 0
56 3 2 4 0 2 0
28 1 2 1 5 1 1
29 1 2 2 1 2 0
37 1 2 6 20 1 1
43 6 2 3 1 1 0
51 3 2 0 1 1 0
20 1 2 1 1 2 1
26 3 2 4 293 2 1
39 3 1 1 10 2 1
21 1 2 1 2 1 0
21 1 2 1 3 1 1
24 3 2 3 1 1 1
26 1 2 4 1 2 1
48 3 2 1 1 1 0
24 1 2 5 2 1 1
26 3 2 0 0 1 0
46 3 2 0 1 1 0
24 1 2 7 1 2 0
21 3 1 0 1 2 0
24 1 2 1 1 1 1
36 1 2 9 2 2 0
30 1 2 5 1 1 1
22 3 1 1 2 1 0
25 1 2 0 10 1 1
31 1 2 25 118 2 1
24 1 2 0 2 1 0
39 1 2 13 2 1 1
46 6 2 0 5 1 0
30 1 1 4 1 1 0
40 3 2 0 22 1 0
52 1 1 0 2 1 0
23 1 2 3 34 1 0
26 1 1 1 1 2 0
22 3 2 1 20 1 1
42 3 2 3 1 1 0
23 1 2 6 136 1 1
33 6 2 4 2 1 1
28 1 2 1 2 1 0
50 3 2 1 1 1 0
32 1 2 1 1 1 0
24 4 2 3 98 1 1
51 1 2 3 1 1 0
19 3 2 1 1 2 1
32 1 2 4 108 1 0
31 3 1 1 0 1 1
29 1 1 1 180 1 0
43 4 2 0 1 2 0
26 1 2 9 11 1 1
27 3 2 0 28 1 1
52 3 2 1 3 1 1
27 4 2 1 1 2 0
57 4 1 1 1 2 0
28 1 2 3 2 2 1
32 1 2 3 3 1 1
27 1 2 5 0 2 1
45 4 2 0 3 2 1
42 3 1 0 0 2 0
33 1 2 0 1 1 1
28 3 1 3 45 2 0
53 3 1 0 1 2 0
24 3 2 0 1 1 0
28 4 2 1 9 1 0
28 4 2 1 2 1 0
39 1 2 6 36 2 1
22 1 2 1 0 1 1
46 1 2 2 9 1 1
25 1 2 0 1 2 0
52 3 2 1 4 1 0
28 1 2 4 1 2 1
57 3 1 1 2 1 1
49 1 2 3 1 1 1
21 1 2 2 1 1 1
32 1 2 19 15 1 1
63 1 2 3 220 2 0
29 3 2 2 2 1 0
46 1 2 0 1 2 0
28 1 2 10 1 2 1
27 1 2 1 3 1 0
69 4 1 0 0 2 0
47 4 2 0 1 2 0
45 4 2 1 128 1 0
33 3 1 1 0 2 0
27 4 1 0 1 2 1
32 1 2 14 2 1 1
24 1 2 2 1 1 0
26 1 2 5 3 1 1
47 4 2 0 1 2 0
25 3 2 1 1 1 0
21 1 2 1 109 1 0
25 1 2 2 1 2 1
22 1 2 6 2 1 1
26 3 1 0 1 1 0
20 3 2 0 1 1 0
30 1 2 1 2 2 1
45 1 2 0 1 1 1
33 1 2 7 79 1 1
35 3 2 2 1 1 0
41 3 2 5 1 1 0
23 3 2 0 2 2 0
21 3 1 0 1 2 1
54 1 2 0 2 1 0
27 1 2 10 1 1 1
22 3 2 0 1 2 0
21 4 1 0 1 2 1
23 1 2 2 6 1 1
30 4 2 1 8 2 0
36 1 2 5 19 2 1
29 1 2 10 23 1 1
54 1 2 4 79 2 1
22 3 2 2 14 2 1
26 1 2 0 1 2 1
20 1 1 0 1 1 0
52 1 2 6 2 2 1
29 1 2 0 2 1 0
23 1 1 6 18 2 0
35 1 2 1 9 2 0
32 3 2 8 1 1 1
21 1 2 1 1 2 1
25 4 2 0 1 1 0
30 1 2 4 1 2 1
30 1 1 3 26 1 0
23 1 2 2 6 1 1
32 3 2 8 2 1 0
29 1 2 6 40 1 1
42 3 2 0 0 2 0
21 1 2 0 1 1 1
22 1 1 0 1 2 0
45 4 2 2 47 1 0
29 1 2 0 1 2 0
30 1 2 6 3 1 1
51 1 2 17 0 2 0
45 4 2 20 2 1 1
24 3 2 2 0 1 0
23 1 2 2 5 2 0
36 1 2 5 1 1 0
69 4 2 0 1 2 0
21 4 2 1 2 1 1
59 4 2 1 1 2 0
39 1 2 1 5 1 0
29 1 2 2 38 1 0
22 4 2 1 2 2 1
44 3 2 6 0 1 0
25 1 2 2 58 1 0
31 1 2 0 0 1 0
35 1 2 17 2 2 1
27 1 2 11 2 2 1
33 1 2 1 2 1 0
28 1 2 6 1 1 1
60 3 2 1 1 1 0
53 4 2 0 1 2 0
51 4 2 0 1 1 1
54 1 1 0 1 1 0
24 3 2 3 2 2 0
55 4 2 1 1 1 1
26 4 2 0 2 1 0
75 1 1 5 1 1 0
36 1 2 16 0 1 1
34 6 2 0 2 1 1
25 1 1 5 47 2 1
46 3 2 0 1 1 0
27 1 2 1 7 1 0
28 1 2 3 0 2 1
42 1 2 13 1 2 1
59 1 2 2 0 2 0
39 3 2 1 15 1 0
46 3 2 5 12 2 0
25 6 2 1 1 1 0
55 3 2 2 2 1 0
35 1 2 1 1 2 1
43 1 2 0 1 2 1
53 3 1 0 1 2 0
21 1 1 0 1 2 0
55 1 2 17 26 1 1
27 1 2 1 1 1 1
40 1 2 0 2 1 0
37 3 1 0 1 2 0
32 3 2 2 5 2 1
32 1 2 2 2 2 0
36 1 2 4 3 2 1
22 4 2 0 1 2 0
31 1 1 0 2 1 0
26 1 1 4 1 1 1
50 3 1 30 4 2 1
47 1 2 4 0 1 0
36 1 2 2 1 1 0
38 3 1 0 1 1 0
35 6 2 0 2 1 0
53 3 2 0 1 1 0
53 1 2 2 1 1 0
57 1 2 19 118 1 0
22 1 2 5 19 1 1
21 1 2 0 1 1 1
26 1 2 0 1 1 1
27 1 2 2 21 1 0
49 3 1 4 4 1 0
47 3 2 1 1 1 1
30 1 2 8 2 1 1
44 3 2 3 0 1 0
34 1 2 1 2 1 0
45 1 2 10 1 1 1
38 4 2 0 1 1 0
50 3 2 2 0 2 0
29 3 2 1 0 2 0
26 3 2 0 0 1 0
22 1 1 1 1 1 1
47 4 2 0 1 2 0
49 3 2 0 0 1 0
49 1 2 1 19 1 1
59 3 2 2 13 1 0
32 3 2 6 28 2 0
24 1 2 1 0 2 1
40 4 2 0 1 2 0
32 1 2 0 0 1 0
54 4 1 0 0 2 0
27 1 2 9 800 1 1
25 3 2 2 12 2 0
20 3 2 0 1 2 1
37 1 2 18 1 2 0
30 3 1 5 7 1 1
23 1 2 1 1 1 1
20 1 1 0 0 1 0
50 3 2 8 12 1 0
50 1 2 7 1 1 0
40 3 2 3 1 1 0
24 3 1 2 2 1 0
24 4 2 0 1 1 1
23 1 1 3 1 1 1
54 3 2 3 2 2 1
25 3 2 4 1 2 0
46 3 2 1 2 2 0
25 6 2 1 266 1 0
22 3 1 0 0 2 0
32 3 1 1 2 1 0
25 1 2 0 4 2 1
33 1 2 16 1 1 1
33 1 2 4 2 2 1
24 1 2 0 0 1 0
33 1 2 12 2 2 1
37 3 2 0 1 2 0
40 3 1 0 0 2 0
43 1 2 9 1 1 1
35 1 2 5 2 1 1
25 1 2 11 7 1 1
61 1 2 1 0 1 1
52 1 1 1 1 1 0
39 1 2 1 0 2 1
47 1 2 5 1 1 0
52 3 1 6 33 2 0
37 3 2 0 0 2 0
24 1 1 0 1 1 0
34 1 1 14 4 1 0
20 6 2 0 12 2 1
25 3 2 1 0 2 1
62 3 1 0 0 2 0
23 3 2 0 1 1 1
60 3 1 0 13 1 0
35 3 2 0 1 2 0
24 1 1 0 1 1 0
30 3 2 0 0 2 0
35 3 2 4 1 1 1
28 3 1 0 0 2 0
56 1 2 0 1 1 0
23 1 2 2 1 1 1
20 4 2 0 1 1 1
23 3 2 1 1 2 0
21 1 2 0 2 1 1
35 1 1 2 14 1 0
33 3 2 3 0 2 0
21 4 2 0 4 1 0
41 1 2 9 1 2 0
24 1 2 0 4 1 0
20 4 2 2 192 1 1
28 1 2 9 1 1 1
25 5 2 7 1 1 0
49 1 2 3 1 1 0
22 4 1 0 0 1 0
21 1 2 0 2 1 1
27 1 1 3 3 1 1
50 1 2 4 2 2 0
23 1 1 0 0 2 0
34 3 2 0 1 2 0
25 1 2 4 33 1 1
33 3 1 2 43 1 1
25 6 2 1 58 2 1
30 4 2 0 1 2 0
42 5 2 0 3 2 0
29 3 1 11 35 1 1
32 1 1 6 4 1 1
24 6 2 5 1 1 0
52 1 2 3 1 1 0
26 3 1 3 1 2 0
31 3 2 2 1 1 1
38 4 2 0 1 1 0
30 3 1 0 1 1 0
20 1 2 0 4 2 1
24 2 2 0 1 1 0
31 3 2 0 78 1 0
37 3 1 1 1 2 0
43 4 2 0 0 2 1
49 3 2 8 4 1 1
33 1 1 1 1 1 0
42 1 2 0 0 2 0
44 3 2 0 9 1 1
28 1 2 5 51 1 1
32 1 2 4 414 1 1
28 1 2 7 2 1 1
38 3 2 0 158 1 0
38 1 2 3 1 1 0
34 1 1 0 1 2 0
21 3 2 1 1 1 1
36 1 2 1 31 1 1
29 1 2 0 1 2 1
34 1 2 3 1 1 1
38 1 2 1 8 2 0
36 3 2 0 25 1 0
32 4 2 0 6 2 0
23 1 2 0 1 2 0
47 3 2 0 1 2 0
20 1 2 0 0 1 0
25 1 1 2 1 1 1
35 1 2 0 1 2 0
28 3 1 1 1 2 0
24 1 2 2 1 2 1
22 1 2 0 1 1 0
20 6 2 8 1 1 1
40 4 2 0 0 2 0
27 6 2 1 6 1 0
60 1 2 12 1 1 0
33 1 2 6 1 2 0
34 1 2 2 24 2 1
24 3 2 4 1 2 0
27 1 2 0 2 2 1
29 1 2 4 355 1 1
21 3 2 1 37 1 1
32 4 2 0 1 2 0
42 3 1 0 1 1 1
32 1 2 1 0 1 0
27 6 2 0 2 1 0
30 3 2 3 1 2 0
22 1 2 1 1 1 1
20 3 2 0 1 2 1
57 3 2 0 1 2 0
51 3 2 3 1 1 1
21 1 2 0 1 1 0
22 1 2 0 35 1 0
35 1 2 4 354 1 1
58 3 2 2 5 1 0
32 3 1 0 1 1 1
30 3 2 9 7 2 1
20 1 2 0 209 1 1
40 6 2 0 1 2 0
45 3 1 5 0 2 0
31 1 2 4 1 1 1
23 4 2 4 27 1 0
26 4 2 0 3 2 1
53 3 1 1 1 2 0
44 3 2 0 2 2 0
44 3 1 1 5 2 0
21 3 2 0 0 1 1
28 1 2 0 0 2 0
28 3 2 2 1 2 0
24 1 2 0 182 1 1
28 1 2 0 0 1 0
53 3 2 4 0 1 0
47 4 2 1 184 1 0
20 1 2 1 1 1 0
21 1 2 0 0 2 0
30 6 2 1 2 1 1
37 3 2 1 1 2 1
60 4 2 1 18 1 0
26 4 2 1 1 2 1
30 3 2 0 1 2 0
26 3 2 2 1 1 1
26 1 1 5 7 1 1
21 4 2 0 2 1 0
39 1 1 1 1 1 0
30 6 2 0 6 1 0
44 1 2 2 2 1 0
45 3 2 0 3 2 0
30 1 2 1 1 1 0
38 2 2 2 8 1 0
23 3 2 6 1 1 1
46 2 2 0 1 2 0
42 1 2 0 1 1 0
54 3 2 4 3 2 0
47 1 2 7 1 1 1
26 3 2 0 2 1 1
29 3 2 7 1 2 1
51 3 2 7 15 1 1
44 1 2 0 0 2 0
49 3 2 12 22 2 0
22 1 2 0 1 1 1
32 1 2 4 1 2 1
27 1 2 0 1 2 0
30 3 2 0 0 2 0
28 4 2 11 1 2 0
45 6 2 0 1 2 0
51 3 1 5 33 1 0
27 1 2 4 1 1 1
32 1 2 0 17 1 1
43 1 2 2 6 1 0
37 3 2 2 1 1 0
26 1 2 0 1 1 1
26 1 2 0 1 2 0
32 6 2 4 0 1 0
39 4 2 3 14 1 0
58 1 1 4 1 1 0
33 6 2 0 1 2 0
22 3 1 1 0 2 0
21 1 2 2 140 1 1
31 3 2 0 35 1 1
43 3 2 2 2 1 0
23 1 2 0 1 2 0
25 3 2 0 1 1 0
22 1 2 6 1 1 0
30 1 2 6 134 1 0
25 1 2 15 2 1 1
20 1 2 0 1 1 1
39 4 2 0 1 1 0
33 1 2 1 3 1 1
59 1 2 1 1 1 0
21 4 2 1 2 1 0
53 1 2 8 5 1 1
34 3 2 2 1 2 0
36 3 2 6 0 1 0
23 1 2 0 1 1 0
32 1 2 2 109 2 0
32 1 2 11 2 2 1
66 6 2 0 1 2 0
24 3 1 0 24 2 0
30 1 2 7 603 1 1
28 1 2 1 2 2 0
43 3 2 4 2 1 1
35 1 2 3 11 2 0
19 1 2 2 15 1 1
22 1 2 1 4 2 1
29 1 2 0 0 1 0
23 1 1 0 2 2 0
33 3 1 0 1 2 0
35 1 2 1 0 2 0
53 3 2 0 0 1 0
59 3 2 17 23 1 1
48 3 1 0 1 2 0
33 1 1 1 1 1 0
44 3 2 0 1 2 0
31 3 2 10 2 1 1
28 1 2 2 1 1 1
51 4 2 1 17 1 0
23 1 2 0 5 1 1
21 4 2 0 0 1 0
26 3 2 0 0 1 0
22 1 2 3 0 1 0
29 1 2 0 1 2 0
20 1 2 2 2 1 1
44 3 2 0 1 2 0
41 1 2 2 15 1 0
28 1 1 4 0 1 0
27 3 2 1 22 2 1
31 3 2 7 1 2 0
26 1 2 3 1 1 1
20 1 2 0 1 1 0
55 3 2 2 1 2 1
36 1 2 0 1 1 0
48 6 2 4 4 1 1
22 6 2 5 2 1 1
23 1 2 1 5 2 0
34 1 2 19 5 1 1
59 3 1 1 5 1 0
37 3 2 0 1 1 1
28 3 1 0 1 1 1
31 1 2 0 1 1 0
38 1 1 14 5 1 1
33 1 2 0 4 1 1
27 1 2 3 1 1 1
25 3 2 2 1 2 1
42 1 1 2 1 1 0
22 1 2 3 26 1 1
21 6 2 0 2 1 0
45 3 2 1 28 1 1
21 1 1 1 2 2 1
52 3 2 2 1 2 0
29 3 2 0 1 2 0
37 1 1 0 5 2 0
34 3 2 0 1 1 0
53 1 2 0 1 2 1
30 1 1 8 1 1 1
35 4 2 0 1 2 0
28 3 2 1 4 1 0
21 1 2 1 1 1 0
22 1 2 1 44 1 0
42 3 2 1 1 2 1
26 1 2 3 0 1 1
54 1 2 9 1 2 0
39 6 2 1 1 1 1
30 1 2 20 317 1 1
26 1 1 1 28 1 1
41 1 2 0 1 2 0
23 3 2 5 54 2 1
43 3 2 1 65 1 1
22 1 2 0 1 2 1
27 3 1 6 1 1 1
42 1 1 2 35 2 0
25 1 2 8 29 1 1
49 1 2 4 36 2 0
52 3 2 1 25 1 0
60 3 1 2 1 1 0
23 1 1 0 1 2 0
30 1 2 2 1 2 0
48 1 2 9 4 1 1
32 1 2 2 1 1 1
28 4 2 3 2 1 1
24 1 2 5 1 1 1
22 1 2 3 214 1 1
44 1 2 2 2 1 0
32 3 2 3 86 1 0
27 1 1 1 1 2 0
52 1 2 15 1 2 1
61 3 2 3 1 2 1
69 1 2 3 0 2 0
51 6 2 2 34 1 0
21 3 1 1 2 1 0
31 3 2 2 4 2 1
19 1 2 3 30 1 1
24 1 2 12 37 2 1
24 3 2 3 6 1 1
57 4 2 3 1 1 0
30 3 2 6 7 1 0
43 1 2 4 2 1 1
24 1 2 4 5 1 0
30 3 1 7 18 2 0
25 1 2 5 2 1 1
56 3 1 1 170 1 0
21 1 2 1 8 1 0
31 1 2 6 31 1 1
23 1 1 1 1 1 0
30 1 2 15 2 1 1
42 6 2 1 0 2 0
64 3 2 0 109 1 0
21 3 1 0 1 1 1
36 1 2 5 11 1 0
50 1 1 1 1 1 0
23 1 2 0 1 2 1
28 5 2 2 49 1 0
25 3 1 5 0 1 0
54 3 2 14 28 2 1
37 6 2 6 1 2 0
25 3 2 5 15 2 1
63 3 2 0 3 2 1
35 1 2 2 1 2 0
26 4 2 0 1 2 1
25 1 2 8 2 2 1
33 3 2 0 1 2 0
29 1 2 7 2 1 0
27 4 2 2 1 2 0
37 1 2 12 1 2 1
20 3 1 3 1 2 1
32 1 2 1 1 1 1
72 3 2 1 1 2 0
38 3 2 0 2 1 0
40 3 2 0 1 1 0
23 3 2 0 1 1 0
21 3 2 5 2 1 1
27 3 2 4 0 1 1
55 3 2 13 1 1 1
41 3 1 0 1 2 0
56 3 2 1 2 2 0
55 3 2 11 57 2 0
23 4 1 0 2 1 1
28 1 2 3 1 1 0
31 6 2 2 13 1 1
53 3 2 0 1 2 0
27 1 2 6 10 1 1
22 3 2 0 1 1 1
22 1 1 0 1 1 1
33 1 2 7 2 2 1
34 1 2 15 6 1 0
22 4 2 0 1 2 1
32 1 2 12 1 1 0
47 1 2 14 1 1 1
24 2 2 0 0 2 0
25 1 2 14 83 1 1
56 3 2 0 0 1 0
36 4 2 1 107 1 1
28 1 2 4 21 1 1
20 1 2 2 1 1 1
59 4 2 0 1 2 0
29 1 1 11 1 1 0
72 3 2 3 5 1 0
24 1 1 2 14 2 1
45 1 2 3 36 1 0
30 1 2 7 2 2 1
45 1 2 0 1 2 0
47 3 2 0 1 2 0
24 1 2 0 10 1 1
20 1 2 0 3 2 1
51 3 2 6 0 1 1
49 3 1 2 12 2 1
41 3 2 5 1 1 0
49 3 2 1 13 1 0
26 4 2 0 1 2 0
28 1 1 0 1 2 0
33 3 2 2 2 2 0
46 1 2 0 1 1 0
21 1 2 0 2 2 0
26 1 2 14 0 1 1
48 4 2 1 126 1 1
58 1 2 24 3 1 1
29 6 2 0 1 1 0
20 1 1 2 23 1 1
28 1 2 0 0 2 1
21 3 2 0 4 1 1
26 6 2 0 1 1 0
34 1 2 3 1 2 0
32 1 2 15 7 1 1
38 1 2 10 10 1 1
22 1 2 0 1 1 0
42 3 2 2 0 1 1
57 3 1 0 1 2 0
56 3 1 1 1 1 0
32 4 2 2 1 2 1
30 1 2 11 1 1 0
29 1 2 2 1 2 0
46 1 2 15 7 1 1
24 1 1 0 1 1 0
70 1 1 1 2 1 0
21 4 2 0 0 1 1
45 3 1 1 1 2 0
33 4 1 2 2 2 0
39 1 1 6 1 1 0
25 3 2 6 2 1 0
48 4 2 1 1 2 0
46 3 2 0 1 1 0
28 3 2 0 3 2 1
27 1 2 1 1 1 0
43 3 2 11 77 1 1
30 1 2 9 50 1 1
29 3 2 1 1 1 0
54 1 2 8 0 1 1
20 3 1 0 0 1 0
29 1 2 0 1 1 0
67 2 2 0 1 2 0
25 6 2 0 1 1 0
24 1 2 8 1 1 1
29 6 2 3 178 1 0
45 1 2 2 29 2 0
31 1 2 5 11 1 1
23 3 2 0 8 1 1
21 1 2 0 9 1 1
61 3 2 0 1 2 0
51 3 1 5 21 2 1
32 6 2 1 15 1 0
43 3 2 9 1 1 0
32 6 2 0 1 2 0
36 1 2 0 1 1 0
58 3 2 3 15 1 1
57 1 2 12 51 1 0
37 1 2 2 0 1 0
44 1 2 6 2 1 0
45 1 2 8 1 1 1
48 6 2 1 2 1 0
26 1 2 13 0 1 1
34 3 2 9 1 1 1
25 1 2 0 2 1 0
31 1 2 8 1 2 1
43 1 2 1 1 1 0
30 1 2 0 0 2 0
50 3 2 0 1 2 0
31 1 1 2 1 1 0
33 3 1 7 1 2 0
32 1 2 1 20 1 1
46 3 1 0 2 2 1
22 4 2 0 1 1 0
37 1 2 8 1 1 1
32 3 1 6 8 1 1
23 1 1 2 1 1 1
21 3 2 0 0 1 0
52 6 2 2 1 1 0
49 3 2 2 1 2 0
55 3 2 3 36 1 1
22 1 2 0 1 1 0
45 4 2 0 13 1 0
31 1 1 7 1 1 1
22 3 2 0 1 2 1
28 1 2 5 1 2 0
21 1 2 1 11 1 1
37 4 2 2 1 2 0
30 1 2 21 1 1 1
22 1 2 13 1 1 1
35 1 2 23 1 1 1
28 1 2 11 26 1 0
24 1 2 1 1 1 0
32 1 2 24 3 1 1
24 1 1 1 1 1 0
57 1 2 19 1 1 0
21 6 2 0 1 2 0
28 3 2 0 0 1 0
51 3 2 0 92 2 0
26 1 2 0 1 2 1
20 1 2 0 1 1 1
25 1 2 6 33 2 0
19 3 2 0 3 2 1
49 3 2 1 21 1 1
57 1 2 27 9 2 0
27 1 1 0 1 2 0
66 3 2 1 19 2 0
21 3 2 0 0 1 0
45 3 2 1 0 1 0
37 1 2 24 20 1 0
44 3 2 13 17 1 1
64 1 2 0 4 1 0
30 1 2 1 1 1 1
61 1 2 1 2 2 0
49 3 1 8 9 1 0
23 1 2 0 1 1 0
21 3 2 0 1 1 1
30 3 1 2 43 1 1
26 4 2 7 2 2 0
35 6 2 3 1 2 1
27 1 2 2 1 2 0
38 3 2 1 15 2 0
48 1 2 14 142 1 1
26 3 2 0 1 2 0
24 1 2 4 27 1 1
28 1 1 2 1 1 1
44 3 1 4 5 1 1
23 3 2 2 13 1 0
34 3 1 1 13 1 1
20 3 2 1 1 1 1
63 6 2 23 2 1 1
36 1 1 0 0 2 0
58 3 2 1 80 1 0
35 3 1 4 14 1 0
23 1 2 3 1 1 0
40 3 2 1 21 1 0
31 4 2 3 1 1 0
34 4 1 5 1 1 0
23 1 2 3 13 2 1
27 3 2 0 4 2 1
26 1 1 3 27 1 0
49 1 2 1 25 1 0
47 4 1 0 1 2 0
47 1 2 6 5 1 0
34 1 2 7 0 1 1
27 1 2 10 8 1 0
52 3 1 0 0 2 0
26 1 2 0 1 2 1
25 1 2 9 2 1 0
51 1 2 1 163 1 0
29 1 1 1 0 2 0
46 3 2 0 1 1 0
28 3 2 6 2 1 0
57 1 2 0 1 1 0
23 4 2 2 1 1 0
34 1 2 27 118 1 1
27 1 2 3 12 1 0
25 1 2 7 3 2 1
31 3 2 1 33 1 1
37 1 2 8 1 1 0
51 1 2 0 1 1 1
28 1 2 8 41 1 0
56 3 2 4 7 1 0
45 1 2 15 331 1 1
26 3 2 7 18 1 1
33 3 2 7 1 1 1
23 3 2 0 1 2 0
31 1 2 0 0 2 0
31 6 2 0 1 2 0
19 4 2 1 5 1 0
32 3 2 0 0 1 0
30 3 2 1 1 2 1
66 3 2 1 1 1 0
40 1 1 0 0 1 0
59 1 2 4 1 2 0
27 1 2 3 1 2 0
22 1 2 0 1 1 0
58 3 2 1 1 1 0
29 3 2 2 2 1 0
27 1 2 0 61 1 1
24 3 2 0 2 1 0
35 3 1 3 0 1 0
29 1 2 7 2 1 1
30 1 2 5 2 1 1
23 1 2 1 2 1 0
32 3 2 2 1 1 1
22 3 2 2 4 1 0
21 1 2 0 1 2 0
43 3 1 0 0 2 0
29 1 2 0 3 1 0
43 1 2 1 2 1 0
25 1 2 1 2 1 0
47 3 2 0 1 2 0
21 1 1 0 1 1 0
54 3 2 0 0 2 0
34 1 2 3 34 1 1
28 1 1 2 1 2 0
53 3 1 4 0 1 1
54 1 2 0 0 2 0
37 4 2 3 83 1 1
34 1 2 2 1 1 0
60 3 1 0 1 1 1
22 1 2 0 1 1 0
51 1 2 3 0 1 0
29 1 2 0 13 1 1
28 1 2 5 28 2 0
33 3 2 0 1 1 1
43 3 2 4 2 2 0
45 4 2 1 27 2 0
32 3 2 5 65 1 1
35 1 1 0 2 1 1
23 1 2 1 1 1 1
41 4 2 1 114 2 0
25 6 2 24 1 1 1
35 4 2 12 10 1 0
25 1 2 4 43 1 1
69 3 2 6 1 1 1
24 2 2 0 1 2 0
28 4 2 0 0 1 0
47 1 2 23 403 1 1
29 1 2 13 2 1 1
26 1 2 9 3 1 1
31 6 2 0 3 2 0
28 3 2 0 1 1 0
48 3 2 1 0 2 1
44 3 2 0 0 2 0
42 1 2 7 1 2 0
39 1 2 5 4 1 0
46 4 1 2 3 1 0
55 3 2 0 10 2 0
27 1 2 5 4 1 1
31 3 1 0 5 2 0
25 1 2 0 1 1 0
32 3 2 6 0 2 0
36 1 2 2 1 1 0
21 1 2 3 4 1 1
39 3 2 2 0 2 0
26 1 1 0 0 2 0
28 1 2 8 20 1 1
67 3 2 2 0 2 1
22 6 1 0 2 1 0
37 3 2 3 1 2 0
23 1 2 2 2 2 1
49 1 1 14 122 2 1
32 3 2 9 5 2 1
41 3 2 9 33 2 0
25 1 2 1 0 2 0
58 3 2 0 1 2 0
44 1 2 19 17 2 1
28 1 2 1 16 1 0
39 1 1 0 2 1 1
54 3 2 0 7 1 0
43 3 2 0 1 2 0
31 1 2 5 0 2 0
30 1 2 11 117 1 0
27 3 2 4 1 2 1
28 1 2 0 1 2 1
24 1 2 0 1 2 0
43 3 2 0 0 2 0
44 1 2 10 5 2 1
24 4 2 11 1 1 1
23 1 2 0 2 1 0
36 3 2 5 1 2 1
27 3 2 1 1 1 0
24 1 2 0 1 1 1
66 3 2 0 1 2 0
36 3 1 3 25 1 0
53 4 2 9 130 1 1
23 3 2 1 0 1 1
22 1 1 0 0 2 1
25 4 2 1 1 1 0
56 1 2 4 2 1 0
51 2 2 1 1 1 1
58 1 1 3 18 2 0
24 3 2 3 0 2 0
22 1 2 0 71 1 1
39 3 2 0 1 2 0
20 4 2 3 42 1 1
46 3 2 10 73 1 1
38 3 2 1 1 1 1
23 3 2 0 3 2 1
39 6 2 6 26 1 0
25 1 2 0 2 1 0
31 1 2 19 1 1 1
25 1 1 1 1 2 1
26 1 2 6 2 1 0
25 1 2 2 274 1 0
37 3 2 11 1 1 1
36 1 2 0 1 1 0
26 1 2 1 1 1 1
21 6 2 3 1 1 1
35 1 2 7 0 1 1
22 1 2 2 2 1 1
25 3 2 0 0 1 0
36 4 2 0 1 2 0
24 1 2 2 12 2 1
21 1 2 0 1 1 1
32 3 2 15 71 1 1
33 1 2 2 0 2 1
33 1 2 10 2 1 1
29 3 2 0 1 2 0
50 3 2 8 173 1 0
33 1 2 14 2 1 1
37 1 2 13 1 1 1
27 1 2 9 24 1 1
27 1 2 0 1 2 0
21 4 2 1 1 2 1
58 1 2 1 61 1 0
27 1 2 4 33 1 0
28 3 2 1 31 1 1
31 3 1 0 1 2 0
24 1 2 3 7 2 0
26 1 2 6 18 1 1
43 3 2 0 1 2 0
22 1 2 3 2 1 1
23 1 2 0 3 1 0
42 3 2 0 1 2 0
30 1 2 18 18 2 0
29 1 2 1 290 1 0
38 3 2 2 48 1 1
26 3 2 3 2 2 0
51 1 2 5 5 2 0
36 6 2 0 0 2 0
62 4 2 0 1 2 0
23 1 2 0 0 1 1
34 1 2 7 1 1 1
35 1 2 1 1 2 0
22 3 2 0 4 1 0
29 1 2 10 109 2 1
40 1 2 0 1 1 0
36 1 2 2 1 1 0
26 1 2 8 0 1 1
25 1 2 1 1 1 1
69 3 2 0 1 2 0
27 1 2 1 8 1 0
20 3 2 0 1 1 1
27 1 2 1 2 1 0
24 1 1 6 310 2 0
42 3 2 0 3 1 0
25 3 2 1 1 1 0
25 1 2 0 7 1 0
22 1 2 0 1 1 0
21 3 2 0 1 1 0
30 1 2 1 2 2 0
46 3 2 9 4 2 0
26 1 2 2 0 2 0
33 1 2 0 1 1 1
40 1 2 1 1 2 0
34 3 2 0 28 1 0
22 3 2 1 37 1 1
28 4 2 3 1 2 0
31 1 2 4 1 2 1
59 3 2 3 1 2 1
37 5 2 0 1 1 0
50 1 2 0 2 1 0
57 1 2 8 100 1 1
31 1 2 5 1 2 0
44 1 2 9 25 1 0
48 1 2 5 243 1 1
25 3 1 0 1 1 0
51 1 2 5 0 2 0
50 3 2 0 1 1 1
57 3 2 2 2 1 0
55 3 2 0 1 2 0
59 1 2 4 1 1 1
42 1 1 0 0 1 0
20 4 2 2 21 1 1
21 6 2 0 29 1 0
32 1 2 21 64 1 1
24 4 1 0 0 2 0
42 1 2 1 1 1 0
29 1 2 8 14 1 1
21 1 2 1 8 1 0
58 3 2 0 0 2 0
22 1 2 1 1 1 1
46 3 2 1 1 2 1
50 3 2 0 14 2 1
46 1 2 2 1 1 0
44 1 1 11 15 1 1
35 1 2 4 30 2 0
30 1 2 14 2 1 1
42 1 2 2 1 1 0
46 1 2 5 202 1 1
42 1 2 0 34 1 1
29 3 2 7 1 1 1
32 1 2 8 4 1 0
31 6 2 5 3 1 0
33 1 1 1 2 2 0
25 3 2 4 183 1 0
33 1 1 0 1 2 0
21 4 2 1 1 1 0
35 3 2 1 49 1 1
56 1 2 1 3 1 0
38 3 2 0 3 2 1
40 1 1 4 1 2 0
28 1 2 4 1 1 0
51 1 2 0 1 2 0
35 1 2 2 2 2 0
61 1 2 5 12 1 0
25 1 2 0 1 1 0
25 1 2 4 1 1 1
26 1 2 0 0 2 0
42 3 2 1 3 2 0
25 1 1 1 1 1 0
26 1 2 13 0 2 1
31 1 2 9 1 1 0
35 3 2 1 1 1 0
34 3 2 0 116 1 0
33 3 1 1 1 2 0
30 1 2 3 1 1 0
50 1 1 7 1 2 0
21 1 2 0 50 1 0
31 4 2 16 483 1 1
31 1 2 2 3 1 1
23 1 1 0 1 2 0
25 1 2 1 2 1 0
24 3 1 1 1 1 0
31 1 2 13 1 2 1
60 1 2 0 2 1 0
30 1 2 2 1 1 0
32 6 1 0 1 2 0
46 3 2 0 0 2 0
21 3 2 0 1 2 1
35 1 2 0 1 1 0
34 4 2 2 10 1 1
41 2 2 2 162 1 1
23 1 2 1 16 1 1
23 1 2 3 2 1 1
28 1 2 2 3 2 0
21 4 2 0 0 1 1
46 3 2 2 3 2 0
56 1 2 1 1 1 0
40 4 2 8 0 1 1
30 4 2 5 2 1 1
24 1 2 1 1 2 1
33 3 1 0 1 2 0
48 3 2 2 4 2 0
33 1 2 11 45 1 1
25 4 2 0 1 1 0
30 1 2 7 1 1 1
37 4 2 0 3 1 1
43 3 1 7 9 1 0
32 3 2 0 1 1 0
33 6 2 3 1 1 0
39 6 2 4 0 1 1
49 3 2 4 6 1 0
24 3 2 0 19 1 0
26 1 2 1 0 1 0
42 3 2 0 2 1 0
22 1 2 1 6 1 1
36 4 2 0 0 1 0
29 3 2 7 28 2 1
39 3 2 0 18 2 0
27 1 2 13 14 1 1
38 3 2 2 8 1 1
20 3 2 0 4 1 1
25 1 2 4 86 1 1
53 3 2 0 1 2 0
27 1 1 0 7 2 1
21 6 2 0 6 1 1
50 3 2 1 5 2 1
41 1 2 4 1 1 0
22 3 2 5 5 1 1
22 3 2 0 3 1 1
25 1 2 2 27 1 0
42 1 2 1 1 1 1
51 6 2 2 1 1 0
24 1 2 0 0 1 0
37 1 2 4 93 1 0
37 3 2 0 0 2 0
27 6 1 0 1 2 0
21 6 2 0 5 1 0
35 1 2 1 1 1 1
24 3 1 0 37 1 0
49 3 2 2 1 2 0
38 1 2 9 3 1 0
61 6 2 0 1 2 0
30 1 1 0 0 2 0
22 1 2 3 128 1 0
25 1 2 0 2 1 1
30 4 1 3 1 2 1
52 3 2 0 1 2 0
26 3 2 0 1 1 0
26 6 2 0 1 2 0
45 3 2 9 55 1 1
20 1 2 0 1 1 1
29 1 2 4 80 1 0
43 3 2 1 69 1 1
26 3 2 2 1 1 0
46 1 1 4 1 1 0
46 1 1 0 1 1 0
29 1 2 12 6 1 1
41 3 2 0 0 2 0
25 1 1 5 1 1 0
23 1 2 2 18 1 0
30 3 2 0 0 2 0
34 3 2 1 3 1 0
70 3 2 11 13 1 1
52 3 2 2 2 1 0
51 1 2 4 8 2 0
45 5 1 15 1 1 1
55 1 2 21 85 1 1
49 3 1 1 1 1 0
47 3 1 0 0 1 0
27 1 2 0 1 2 0
25 3 2 5 0 2 1
21 1 2 1 59 1 1
37 1 2 26 2 1 1
21 1 2 1 49 1 1
21 1 2 0 1 1 0
25 1 2 4 0 1 1
27 1 1 3 1 1 1
30 3 2 3 12 1 1
70 3 2 0 1 2 0
37 3 2 11 1 1 1
46 1 2 5 2 1 1
40 6 2 4 2 2 1
43 1 2 18 9 1 1
38 1 2 15 55 1 0
29 1 2 0 0 1 0
37 1 2 8 1 2 1
38 4 2 3 0 1 0
27 3 1 0 1 1 0
20 6 1 0 11 2 1
44 4 2 0 0 2 0
31 3 2 6 1 2 0
29 1 2 3 1 1 1
30 1 1 0 1 2 0
25 3 1 2 12 1 1
40 1 2 3 1 1 0
33 3 2 1 1 2 0
26 3 2 5 1 1 1
31 4 2 1 1 2 0
61 3 2 1 1 2 0
30 3 2 2 1 1 0
62 3 2 0 2 2 0
27 3 1 4 55 2 1
48 3 2 9 1 1 0
40 3 1 0 1 1 0
24 3 2 0 3 1 0
22 1 2 0 1 1 1
30 1 2 4 16 2 1
63 3 2 0 0 2 0
33 1 2 4 1 1 0
43 3 2 0 1 2 1
26 1 2 3 34 1 1
51 1 2 1 7 1 0
39 3 2 3 1 1 1
30 4 1 0 1 2 1
32 1 2 14 1 1 1
22 1 2 0 1 2 0
59 3 2 0 1 1 0
38 1 2 37 31 2 1
23 1 2 2 238 1 0
42 1 2 0 1 2 1
38 1 2 2 193 1 1
34 3 1 2 1 1 0
36 1 1 7 2 1 1
36 1 2 0 1 2 1
31 1 2 1 14 1 0
28 1 1 3 5 1 1
28 1 2 1 0 1 1
43 1 2 0 1 1 0
40 1 2 1 2 1 0
31 1 2 15 2 1 1
54 1 2 6 14 1 1
24 1 2 17 130 1 1
41 4 2 0 1 1 1
21 1 2 1 242 1 1
29 4 1 1 1 1 1
22 1 2 0 1 1 0
52 4 2 9 34 1 1
40 6 1 0 1 1 0
45 1 1 1 6 1 0
29 1 2 1 0 2 1
46 1 2 10 10 1 1
21 3 2 1 13 1 0
35 3 2 6 2 1 1
52 1 2 1 71 2 1
48 3 2 0 0 2 0
29 1 1 9 214 2 1
48 3 2 0 1 2 0
31 1 2 10 8 1 1
21 3 2 3 127 1 1
32 6 2 0 22 1 1
47 1 2 0 3 2 0
21 1 2 3 1 1 1
35 1 2 13 1 1 0
46 1 2 3 21 2 1
34 1 2 5 5 1 1
52 1 2 2 3 1 0
21 3 2 0 9 2 1
53 3 2 1 1 2 0
19 3 1 0 1 1 1
22 1 2 0 3 2 0
45 1 2 1 3 1 0
27 3 1 0 1 1 0
25 3 2 0 1 2 0
30 3 2 0 0 1 1
31 1 2 2 0 1 1
28 3 2 3 1 1 0
36 1 2 3 2 2 1
27 1 2 7 10 1 1
42 1 2 1 0 1 0
35 3 2 0 41 1 1
33 3 1 2 1 1 0
24 4 2 6 219 1 1
25 1 2 21 2 1 1
42 3 1 0 1 2 0
21 1 2 0 4 1 1
28 1 1 0 0 2 0
27 1 2 25 41 1 1
21 3 1 0 3 1 0
26 3 2 0 5 2 1
36 3 2 0 1 1 0
49 3 2 0 2 1 1
44 3 2 0 2 1 1
28 3 2 1 24 2 0
35 1 1 12 1 1 1
34 1 2 3 1 1 0
45 1 2 15 1 1 1
28 1 2 9 16 1 1
25 1 1 1 4 1 0
21 1 2 1 1 2 0
48 1 2 1 1 1 0
37 3 2 1 1 2 0
24 1 2 3 1 1 1
37 3 2 1 1 2 1
39 3 2 1 0 1 0
24 3 2 1 22 1 1
49 6 2 2 1 1 0
23 1 2 1 1 1 1
43 3 2 5 1 1 0
28 1 2 6 1 2 1
53 1 2 1 1 2 0
27 1 1 2 1 2 1
39 3 2 0 2 2 0
47 1 2 22 1 1 1
28 1 2 4 2 1 1
36 3 2 2 1 1 0
24 1 1 1 4 1 0
35 4 2 0 1 2 0
23 1 2 3 1 1 0
26 1 2 2 1 1 0
31 1 2 7 54 1 1
30 1 1 14 5 1 1
25 3 2 2 1 2 0
24 1 2 6 1 1 1
34 4 2 1 1 1 1
26 1 2 2 29 2 0
60 4 2 0 1 1 0
20 1 1 0 1 1 0
23 3 2 0 0 1 0
26 1 2 5 7 1 1
40 3 2 4 1 2 0
28 6 2 1 1 1 1
49 4 2 1 5 1 1
19 1 2 1 0 1 1
53 3 2 1 12 1 0
24 1 1 0 1 1 0
31 4 2 0 1 1 0
33 3 1 2 0 1 0
26 3 2 8 42 1 1
32 3 2 2 1 1 0
25 3 2 0 3 1 1
21 1 2 1 1 1 0
38 1 2 3 1 1 0
23 3 2 0 1 1 0
20 3 2 0 8 1 1
39 3 1 4 1 1 1
24 1 2 1 6 1 1
23 4 2 0 0 1 0
49 1 2 3 1 1 0
31 1 2 7 78 1 1
20 1 2 1 16 1 1
28 3 2 0 13 2 0
67 3 2 3 1 1 0
33 4 2 0 1 1 0
52 1 2 0 1 1 0
45 1 2 17 47 1 1
27 1 2 8 1 1 1
22 3 2 1 1 1 0
40 3 2 0 1 2 1
30 3 2 1 0 2 1
42 1 2 1 1 1 0
24 1 2 2 2 1 1
46 3 2 4 3 1 0
38 1 2 4 0 1 0
32 4 1 0 8 2 1
26 3 2 0 1 2 0
54 3 2 1 1 2 1
27 4 2 2 10 1 0
61 3 2 1 1 1 0
51 1 2 1 1 2 1
57 3 2 0 28 1 0
24 3 2 3 1 2 1
34 1 2 1 1 1 0
27 4 2 1 2 1 0
28 1 1 10 4 2 1
35 1 2 10 1 2 1
30 1 2 6 1 1 1
44 1 2 0 1 1 0
61 3 2 10 23 1 0
26 1 2 1 1 1 1
48 1 2 10 4 1 1
42 1 2 4 0 2 0
38 3 2 10 1 1 1
53 3 1 0 1 2 0
26 1 2 3 2 2 0
22 1 2 1 1 1 1
50 3 2 0 30 1 0
44 3 2 16 82 2 0
24 1 2 4 1 1 1
21 1 2 0 1 1 1
50 3 2 0 2 1 0
36 3 1 0 1 2 0
39 3 2 0 54 1 0
54 1 1 7 19 1 0
29 1 2 0 1 2 0
26 3 2 0 1 2 0
41 1 2 3 1 1 1
23 1 2 1 2 1 1
34 3 2 0 1 2 0
31 3 2 11 12 1 1
20 1 2 0 2 1 0
49 1 2 10 44 1 1
26 1 2 4 1 1 1
28 1 2 1 1 1 1
26 1 2 0 1 1 0
55 1 2 1 1 1 0
22 1 2 0 2 2 0
26 1 1 0 1 2 0
56 6 2 0 1 2 0
46 6 2 2 1 1 0
58 1 2 16 68 1 1
28 1 2 4 30 1 0
33 1 2 8 2 1 0
31 1 1 0 1 2 0
26 1 2 1 0 2 0
34 3 2 0 1 2 0
33 6 2 0 1 1 0
32 1 1 0 1 1 0
37 1 2 9 1 1 1
50 1 2 1 1 1 0
35 3 2 1 3 1 0
47 3 1 0 4 2 1
52 1 1 8 43 1 0
26 1 2 5 6 1 1
45 1 2 13 1 1 1
19 6 2 0 1 2 1
41 1 2 8 1 1 1
24 1 2 0 1 2 0
21 1 2 1 1 1 0
54 3 2 0 1 2 0
49 3 2 0 74 1 0
42 3 2 1 293 1 0
21 1 2 1 1 1 1
46 3 2 5 0 1 1
74 3 2 0 1 2 0
38 4 1 0 0 1 0
39 1 1 1 1 1 0
38 1 1 0 4 1 0
19 1 2 1 1 1 1
28 3 2 0 1 1 1
25 1 2 1 29 1 1
53 3 2 1 1 2 0
23 1 2 2 77 1 0
55 3 2 33 242 1 1
64 3 1 1 1 1 0
23 1 2 1 27 2 1
23 1 2 4 1 1 1
41 4 1 0 0 1 0
53 6 2 0 0 2 0
34 1 2 0 2 1 0
24 4 2 0 1 1 1
26 1 2 1 32 2 0
44 3 2 4 2 1 0
27 3 1 0 5 1 0
28 3 2 14 1 1 0
55 3 2 1 1 2 0
36 1 2 15 2 1 0
23 1 2 1 1 1 0
56 1 2 1 0 2 0
27 3 2 2 1 1 1
37 3 2 1 1 2 0
32 1 2 1 2 1 1
41 1 2 18 34 2 1
22 1 2 1 2 1 1
37 3 2 1 1 1 1
45 1 2 3 2 2 0
31 1 1 14 2 1 0
42 1 2 7 2 1 1
26 1 2 20 30 1 1
33 3 2 0 1 1 1
22 3 2 0 1 2 1
36 1 1 1 0 2 0
54 3 2 0 0 2 0
25 1 2 5 155 1 1
24 3 2 3 39 1 1
23 4 2 0 1 2 0
61 3 2 0 0 2 0
42 3 1 0 1 2 0
28 3 2 1 0 2 1
27 1 2 1 2 2 0
24 3 2 2 15 2 0
32 1 2 16 1 1 1
38 3 2 0 7 1 0
21 3 2 1 1 2 0
27 1 2 1 168 1 1
39 3 2 0 0 1 0
29 3 2 0 1 1 0
29 3 2 1 1 1 0
36 3 2 1 2 1 1
46 1 2 0 0 1 1
44 1 2 7 24 1 0
27 1 2 0 2 2 0
27 1 2 8 49 1 1
61 3 2 0 2 2 0
47 1 2 0 1 2 1
27 1 2 1 1 2 0
28 3 2 0 2 1 1
31 3 1 1 11 2 1
26 3 2 9 1 2 1
53 1 2 2 8 1 1
26 1 2 1 23 1 1
25 1 2 2 18 1 0
23 6 2 5 32 2 1
21 1 1 4 1 2 1
23 1 2 1 3 2 0
30 6 2 3 1 2 0
45 1 1 2 12 1 0
27 1 2 2 9 2 1
26 1 1 0 1 2 0
21 3 2 0 7 1 1
62 3 1 0 4 2 0
48 3 2 0 27 1 0
53 1 2 1 1 2 0
62 1 2 3 2 2 1
28 1 2 5 137 1 0
56 3 2 1 1 1 0
35 4 2 2 8 1 0
56 4 1 2 49 2 1
22 1 2 2 2 1 1
26 1 2 5 36 1 1
35 1 2 4 1 2 0
22 1 2 1 15 1 1
37 1 1 7 2 1 0
32 1 1 0 0 1 0
33 1 1 3 9 1 1
38 6 2 2 0 1 1
53 3 2 0 1 2 0
32 3 2 0 1 2 0
26 3 2 0 1 2 0
61 3 2 0 2 2 0
21 1 2 0 1 2 0
69 1 2 22 1 2 0
26 1 2 0 0 2 0
30 1 2 9 196 1 1
21 3 2 1 1 1 0
41 3 2 0 0 2 0
45 1 2 0 1 1 1
31 1 2 10 1 1 1
22 3 2 0 1 1 0
54 3 1 0 20 1 1
50 3 2 2 1 2 1
37 6 2 11 1 1 0
21 1 1 0 1 1 1
23 4 2 6 5 2 1
30 3 2 0 1 1 1
30 1 2 11 3 1 1
26 3 2 5 0 2 0
59 1 1 0 1 2 0
29 1 2 13 1 1 1
67 4 2 0 1 1 0
30 3 2 13 33 1 1
25 1 2 5 1 2 1
45 4 2 8 1 1 0
22 1 2 0 0 1 0
41 1 2 8 2 1 1
46 2 2 3 60 1 1
27 6 2 0 2 2 0
37 1 1 13 2 1 0
22 1 2 0 13 1 1
19 1 2 0 1 1 1
45 3 2 2 1 2 0
33 1 1 5 1 1 1
52 1 2 7 182 1 0
21 1 1 0 1 1 0
43 1 2 6 1 2 1
33 3 2 3 1 1 0
26 1 2 3 4 1 1
37 3 2 0 2 2 0
38 1 2 1 8 1 1
35 4 2 1 1 2 1
27 1 2 1 1 1 1
40 6 2 1 1 1 0
21 1 2 1 1 1 0
38 3 2 3 2 1 1
37 3 2 0 1 2 0
44 3 2 0 1 1 0
30 1 2 0 1 1 0
40 4 2 0 0 1 0
49 3 2 1 2 1 0
67 3 2 0 0 2 0
59 1 2 14 33 1 1
21 1 2 1 2 1 1
31 3 2 6 10 2 0
50 3 1 2 1 1 1
30 1 2 7 1 1 0
28 3 2 1 1 2 0
48 1 2 7 3 1 1
55 3 2 0 1 2 0
42 3 2 0 2 2 0
34 1 2 0 29 2 1
43 1 2 4 1 2 1
44 1 2 0 42 1 0
29 4 2 17 2 1 1
25 3 2 2 1 1 1
32 1 1 0 1 2 1
96 4 2 2 1 1 1
29 4 2 0 2 2 0
27 4 2 8 1 1 1
31 4 2 0 1 2 0
24 1 2 1 1 1 1
34 1 2 0 241 1 1
48 1 2 2 1 1 1
41 1 2 1 2 1 0
26 1 2 12 11 2 1
42 1 2 0 7 1 1
29 1 2 0 42 2 0
26 3 2 0 1 2 0
27 1 1 1 45 1 0
35 3 2 4 31 2 0
54 3 2 1 1 1 0
20 1 2 0 1 1 0
27 3 2 0 1 1 0
21 1 2 1 2 1 0
27 3 2 7 2 2 1
34 1 2 11 1 1 1
54 1 2 0 1 2 0
29 6 2 2 2 1 1
39 1 2 1 5 1 0
33 3 1 0 1 2 0
40 4 1 7 6 1 1
35 1 1 0 1 2 0
28 4 2 0 2 2 1
53 1 2 0 1 2 0
28 3 2 2 13 2 0
26 1 2 0 1 1 0
31 1 2 3 1 1 0
24 3 2 3 1 2 1
45 3 2 19 2 1 1
33 4 2 1 0 2 0
28 1 2 1 0 1 0
45 3 1 1 1 1 1
33 3 2 3 15 1 1
23 3 2 4 0 1 1
36 1 2 6 84 1 0
22 1 2 0 1 1 0
28 1 2 2 1 1 1
37 1 2 3 1 2 0
52 3 1 0 1 2 0
26 3 2 0 2 1 0
28 3 2 4 4 1 1
33 3 1 2 14 1 0
23 3 2 3 41 1 1
31 3 2 3 1 2 1
55 3 1 0 1 2 0
24 3 2 3 0 1 1
37 1 2 2 1 2 0
41 1 2 0 177 1 0
26 3 2 0 1 2 0
41 1 2 13 3 1 0
33 1 2 6 1 1 0
47 4 2 0 3 2 1
23 1 2 0 2 1 0
27 3 2 1 1 1 0
24 3 2 0 37 1 1
30 1 2 10 94 1 0
55 3 2 1 1 1 0
26 1 2 13 7 2 1
35 1 2 0 1 1 0
20 1 2 1 1 2 0
24 3 2 3 9 2 1
31 1 2 8 4 2 1
55 1 2 0 2 1 1
33 3 2 7 1 1 1
44 3 2 6 270 1 1
41 1 2 25 186 1 1
56 1 2 9 1 2 0
21 1 2 1 2 1 0
48 3 1 1 1 2 0
56 3 2 7 194 1 1
39 3 2 2 3 2 0
31 4 2 0 2 1 0
25 3 1 0 1 1 0
28 1 1 3 16 1 0
30 1 2 0 1 1 1
19 1 1 0 1 2 1
20 1 2 0 1 2 1
57 3 2 0 5 1 0
51 1 2 8 1 2 1
27 1 2 5 3 1 1
26 1 2 0 1 1 0
23 3 2 3 36 2 1
35 1 2 14 1 2 1
37 1 2 5 0 1 0
48 1 2 0 2 1 0
21 1 2 0 2 1 0
52 1 2 1 10 2 0
22 1 2 0 1 1 1
41 3 2 1 2 1 1
25 3 1 1 1 2 1
54 1 2 0 0 2 1
25 1 2 13 36 1 1
40 3 1 4 2 1 0
22 1 2 0 11 1 0
50 3 2 10 1 1 0
35 3 2 2 0 2 0
28 3 2 7 1 1 1
21 1 2 0 2 1 0
27 3 2 0 5 1 0
22 1 2 0 0 1 1
38 4 1 20 2 1 1
32 3 2 0 7 1 0
59 3 2 0 1 1 0
20 6 2 0 1 2 1
59 3 2 0 0 1 0
44 3 1 1 1 1 1
26 1 2 9 2 2 1
30 1 2 9 1 1 1
25 1 2 3 0 2 1
44 4 2 0 1 2 0
31 1 1 0 2 2 1
32 1 1 0 1 1 0
37 1 2 22 81 1 1
22 3 2 2 1 1 0
38 1 2 8 10 2 1
34 3 2 2 3 1 0
30 1 2 7 2 1 0
38 3 1 0 1 1 1
36 1 2 10 33 1 1
46 6 2 0 0 1 0
35 3 2 2 1 1 1
35 1 2 0 1 1 0
20 6 2 1 1 1 1
30 1 1 9 243 1 1
34 1 2 16 1 1 1
31 3 2 3 1 1 1
32 4 2 0 2 2 1
31 3 2 4 2 1 1
22 3 2 2 12 1 1
31 4 2 0 81 1 0
36 1 2 5 1 2 1
39 1 2 2 47 2 0
51 1 2 9 35 1 1
35 1 2 7 1 1 1
35 4 2 0 2 1 0
23 4 2 0 1 1 1
37 1 2 0 3 2 0
25 1 2 3 7 2 0
27 1 1 0 1 1 0
47 3 2 2 1 2 0
46 1 2 12 3 2 0
27 3 2 0 1 1 0
34 1 2 0 2 1 1
25 3 2 0 0 2 0
26 1 2 5 1 2 0
25 1 2 1 1 1 1
60 1 2 9 1 1 0
49 6 2 0 1 2 1
30 1 2 12 0 1 1
21 1 2 0 1 1 0
25 1 2 4 1 1 1
21 1 2 0 31 1 1
29 4 2 1 1 2 0
29 1 2 4 1 2 0
21 4 2 0 1 2 0
53 6 2 4 1 2 1
51 3 2 2 23 1 0
29 1 2 1 0 2 0
24 6 1 0 0 1 0
24 6 2 2 242 1 1
37 4 2 5 1 1 0
20 3 2 0 0 1 1
53 3 2 1 21 1 0
25 1 2 5 35 1 0
38 4 2 0 1 2 0
22 1 2 3 319 1 1
21 1 2 1 13 1 0
21 3 2 1 5 1 1
27 1 2 6 1 2 1
28 1 2 14 20 2 1
49 1 2 6 1 2 1
52 1 2 7 4 1 1
25 1 2 1 1 2 0
56 3 2 2 3 1 0
34 1 2 22 2 1 0
35 4 2 7 1 1 0
23 1 2 1 1 2 1
22 3 2 0 0 1 0
23 1 2 0 2 1 1
30 1 2 4 54 2 0
42 1 2 1 6 2 1
50 1 2 24 32 2 1
37 6 2 4 2 2 1
37 1 2 0 1 1 0
23 1 2 1 1 1 0
41 3 2 0 1 1 0
50 1 2 5 32 1 0
41 4 2 19 43 1 1
26 1 2 2 4 1 1
40 6 2 8 40 1 1
23 1 2 2 7 1 1
55 3 2 1 33 1 1
24 1 2 0 2 1 1
33 3 2 5 1 2 1
23 3 2 0 1 1 0
37 1 2 1 1 2 1
64 6 1 0 1 1 0
51 3 2 0 1 2 0
40 6 2 4 16 1 1
35 1 1 3 1 2 1
22 4 2 1 2 1 1
29 1 2 2 160 1 0
57 3 2 0 2 2 0
20 1 2 1 0 2 1
23 6 1 0 1 2 0
23 1 2 3 91 1 1
36 3 2 9 1 2 1
55 3 2 1 1 2 0
53 1 2 18 41 2 1
21 1 2 1 1 1 1
27 1 2 3 12 2 1
28 1 2 6 3 1 1
26 3 2 1 1 1 1
25 3 2 1 1 1 0
66 3 2 0 1 1 0
28 1 2 3 0 2 0
24 1 2 0 1 2 0
60 3 2 18 3 2 1
37 1 2 2 1 1 1
73 3 2 0 1 2 0
44 1 2 0 2 1 0
42 4 2 0 4 2 0
40 1 2 6 2 1 0
21 4 2 0 7 1 0
56 3 2 0 1 2 1
42 1 2 3 1 1 0
50 3 2 1 2 1 0
34 3 2 0 1 2 0
47 1 2 1 2 2 1
58 3 2 3 2 1 0
48 3 2 3 0 1 0
20 3 1 0 1 1 0
53 1 1 10 4 1 1
29 1 2 0 1 1 0
38 6 2 1 1 2 0
43 3 1 0 0 2 0
25 4 2 2 1 2 1
53 3 2 1 5 2 1
22 3 2 0 1 2 0
32 4 1 1 11 2 0
26 3 2 9 1 2 1
48 6 1 0 1 1 0
23 1 2 4 1 1 1
71 3 2 1 4 2 0
61 3 1 0 0 2 0
22 3 1 2 1 2 0
54 3 1 1 0 2 0
24 3 2 6 1 1 0
28 3 1 0 1 1 0
25 3 1 2 181 1 0
22 1 1 1 13 1 0
24 1 2 2 1 1 1
35 1 2 0 1 1 0
21 1 2 0 1 1 0
49 3 2 1 4 2 0
26 1 2 6 2 1 1
30 1 2 7 39 1 1
30 1 2 5 181 1 1
64 3 2 8 1 1 0
45 3 1 7 1 1 1
37 1 2 3 1 2 0
34 1 1 1 116 1 1
60 4 2 4 6 1 0
58 3 2 0 1 2 0
27 3 2 0 1 1 0
30 1 2 0 0 2 1
25 1 2 0 0 2 0
60 1 2 19 39 1 1
56 1 2 24 6 1 0
33 1 2 2 1 2 0
25 3 2 9 88 1 1
32 1 2 6 4 1 1
24 1 2 3 1 1 1
23 3 2 2 8 1 1
23 4 2 3 3 1 1
25 1 2 1 1 1 1
20 1 1 0 1 1 0
32 1 2 9 1 1 0
49 1 1 0 1 1 0
22 1 2 1 1 1 0
24 1 2 0 1 1 0
26 3 2 10 0 1 1
29 1 2 1 2 2 1
22 3 2 0 1 1 0
26 1 1 3 1 1 0
21 1 2 0 3 1 1
54 3 2 2 39 2 0
59 1 2 1 1 1 0
22 1 2 0 1 1 1
24 6 2 1 5 1 1
64 1 2 20 2 1 0
45 3 2 1 0 2 1
22 1 1 0 6 1 0
24 1 2 5 1 1 1
30 1 1 3 12 1 1
27 3 1 0 0 1 0
20 3 2 0 0 1 0
29 4 2 0 7 1 1
28 3 2 5 21 1 1
37 6 2 0 1 2 0
25 6 2 2 0 1 0
23 3 2 3 245 1 1
32 1 1 0 1 2 0
44 3 1 1 1 1 0
41 1 2 8 2 1 0
30 3 2 3 26 1 0
27 1 2 2 7 2 1
32 1 2 0 1 1 1
40 1 2 24 1 2 1
34 4 2 2 0 2 0
33 1 1 3 1 2 0
33 3 2 0 7 1 0
37 4 2 1 1 2 0
28 1 2 9 2 2 0
25 1 1 0 1 1 1
30 1 1 1 2 2 0
47 1 1 0 1 2 0
24 3 2 0 1 1 1
31 3 2 9 117 1 1
52 1 2 0 26 1 1
25 1 2 5 236 1 1
46 1 1 7 19 2 0
62 3 2 3 1 2 0
36 3 2 0 6 2 1
24 1 2 2 11 1 1
37 4 2 3 2 2 1
25 3 2 9 54 1 0
21 1 2 0 35 2 1
38 2 2 0 1 2 0
29 1 2 5 5 1 1
52 1 2 0 0 2 1
29 1 2 5 2 1 0
59 1 2 13 242 1 1
39 1 2 2 0 1 0
48 4 2 1 167 2 0
31 6 2 3 1 2 1
20 1 2 1 5 1 1
50 3 2 0 1 2 0
27 1 2 7 4 1 1
27 1 2 0 1 2 0
31 3 2 4 5 1 1
24 1 1 2 31 2 0
24 1 2 4 51 1 1
30 3 2 0 1 2 1
41 3 2 0 0 1 0
38 6 2 1 1 1 0
32 1 2 2 19 1 1
69 3 2 0 1 2 1
25 3 2 1 59 1 0
55 3 2 0 30 2 1
28 1 2 7 1 1 1
27 3 2 0 0 2 1
20 1 1 1 1 1 1
36 1 2 2 0 1 1
39 4 1 10 1 1 1
25 1 2 10 8 1 1
35 3 1 1 1 2 0
32 1 2 12 2 2 1
69 6 2 0 1 2 0
21 3 2 1 1 2 0
41 3 2 1 2 1 0
21 4 2 0 1 1 0
38 1 2 0 5 1 0
21 1 2 1 1 1 1
35 3 2 2 34 2 1
34 1 2 5 2 2 0
52 3 2 0 1 2 0
21 1 2 0 2 1 0
43 1 2 8 1 2 0
32 3 1 0 1 1 0
49 3 2 5 4 1 1
21 1 1 0 1 2 0
28 1 2 5 1 1 1
65 3 1 1 0 1 0
27 3 1 0 1 2 0
48 3 2 20 46 1 1
20 1 2 0 1 2 1
49 6 2 7 13 1 1
42 6 2 6 1 2 0
63 1 2 6 25 1 0
40 3 2 0 0 2 0
34 4 2 0 1 1 0
21 1 2 1 86 1 1
27 3 2 1 1 2 0
29 4 2 0 1 2 0
35 3 2 0 16 2 1
50 1 1 0 1 2 0
47 3 2 0 1 2 0
44 3 2 2 0 2 0
56 4 2 0 1 1 0
23 1 2 0 13 2 0
54 1 2 10 30 1 0
38 3 2 17 180 1 0
25 4 2 0 0 1 1
44 3 2 2 2 1 1
52 1 2 3 31 2 1
52 3 1 0 118 1 1
21 1 2 0 0 2 1
30 3 1 9 5 1 1
56 1 2 6 1 1 0
35 1 2 12 1 1 1
39 3 2 1 29 1 0
29 3 2 0 1 2 0
23 1 2 2 23 1 1
26 3 2 0 1 2 0
64 1 1 1 1 2 1
58 6 1 0 1 1 0
20 3 2 1 2 1 1
21 1 2 0 42 1 1
21 1 2 0 47 1 0
23 1 2 0 2 1 0
46 1 2 3 2 1 0
25 1 2 21 118 1 1
35 4 2 5 0 1 0
30 1 1 0 0 2 0
47 3 2 1 1 1 0
30 3 2 4 4 1 0
47 1 2 1 1 1 0
39 1 2 1 1 1 1
30 4 2 2 6 2 1
24 3 2 1 1 1 0
45 3 2 3 1 1 0
26 3 2 2 1 1 1
39 3 2 3 0 1 0
40 3 2 1 42 1 0
24 1 2 0 1 1 0
23 1 2 1 1 1 0
61 3 2 0 0 2 0
42 3 2 3 0 1 1
38 1 2 3 4 1 1
67 3 2 0 24 1 1
23 3 2 2 8 1 0
31 3 2 1 0 1 1
40 1 2 15 55 1 0
44 1 2 0 4 1 0
37 1 2 10 1 1 1
22 1 1 3 1 2 0
31 3 2 6 0 2 1
28 1 2 9 53 1 1
24 6 2 5 5 2 0
33 3 2 9 0 1 0
30 1 1 10 0 1 1
31 6 2 5 1 1 0
35 1 2 0 1 1 1
57 1 2 23 30 1 1
39 3 1 8 32 1 1
65 3 2 3 23 1 0
22 3 1 0 1 2 0
35 1 1 2 15 1 0
29 1 2 2 2 2 1
62 1 2 13 1 1 1
22 1 2 0 1 2 1
31 4 2 8 13 1 1
56 1 1 1 1 1 0
25 3 2 2 29 1 0
33 3 2 10 1 2 0
25 3 2 2 2 1 0
27 1 1 3 1 1 0
37 1 2 1 3 1 0
41 3 2 2 1 2 0
35 1 2 5 6 1 0
25 4 2 1 0 2 1
55 3 2 0 2 2 0
26 1 2 2 4 1 1
35 1 2 7 195 1 0
50 3 2 3 25 2 1
25 1 2 3 2 1 1
65 3 1 1 1 2 1
31 1 1 0 0 1 1
24 1 1 0 1 2 0
34 1 2 6 14 1 1
24 6 2 3 3 2 1
30 1 1 4 2 1 0
35 4 1 0 0 2 0
30 1 2 14 23 1 1
24 3 2 1 3 2 0
51 3 2 3 13 1 1
28 1 1 3 1 1 0
27 1 1 4 1 1 1
22 3 2 2 1 1 1
29 1 2 2 1 1 1
31 1 2 0 2 1 0
31 3 2 0 1 2 0
32 1 1 3 30 1 0
27 1 2 1 2 1 1
29 3 2 6 1 1 1
59 1 2 3 8 1 0
24 1 2 1 1 2 1
33 1 2 0 142 1 0
35 6 1 0 1 2 0
28 3 2 9 8 1 1
40 6 1 0 4 1 0
45 6 2 0 1 2 0
24 1 2 9 4 2 1
31 1 2 16 53 1 1
25 4 2 0 4 2 0
24 1 2 0 1 1 0
23 4 2 6 34 2 0
23 1 2 7 1 1 1
48 4 2 0 0 2 0
62 3 2 0 1 1 0
25 1 1 4 0 1 1
25 6 2 1 1 1 0
49 1 2 1 10 2 0
50 3 2 0 36 1 1
47 1 2 3 39 1 1
37 1 2 14 1 1 0
26 3 2 0 1 2 0
28 1 2 21 1 1 0
26 1 1 3 1 1 1
48 6 2 4 1 1 0
20 1 2 1 0 1 1
34 1 2 9 17 1 1
26 4 2 1 2 2 0
46 1 2 9 116 1 1
21 1 2 0 7 1 1
27 3 1 2 62 1 1
21 1 2 3 18 2 1
29 3 2 1 14 1 0
46 3 2 4 1 1 0
24 1 2 0 1 1 0
51 4 1 2 0 2 0
57 1 2 8 0 2 1
33 1 2 4 1 1 1
23 1 2 4 144 1 1
29 1 2 5 1 1 0
22 3 2 0 9 2 1
56 4 2 10 13 2 1
33 3 1 1 4 2 1
27 6 2 0 1 1 1
40 1 2 3 1 1 1
48 6 2 0 1 2 0
32 1 2 10 4 1 1
24 1 2 1 1 2 0
32 1 2 1 1 1 0
19 1 2 2 1 1 1
23 1 2 6 1 1 1
39 3 2 17 181 1 1
25 1 2 1 1 1 0
42 1 2 6 1 1 1
29 3 2 1 43 2 0
38 3 2 2 1 2 0
32 3 2 10 7 1 1
23 3 2 4 1 2 1
58 1 2 10 2 1 1
42 1 2 9 0 1 1
52 4 2 3 14 1 0
26 3 2 1 9 1 1
27 3 2 1 1 1 0
33 3 2 1 1 1 0
33 1 2 2 0 1 1
23 1 2 0 1 2 1
25 1 2 4 19 1 1
32 1 2 0 6 1 1
34 4 2 14 41 1 1
29 3 1 0 2 2 0
38 1 2 19 1 1 1
29 3 2 0 1 2 0
27 1 2 6 35 1 1
25 3 2 0 1 2 1
31 3 1 2 1 1 1
30 1 2 8 65 1 1
41 1 2 0 1 1 0
59 1 2 8 5 1 0
21 3 2 1 1 2 1
27 1 2 6 39 1 1
30 1 2 0 1 1 0
43 3 2 4 48 1 0
24 3 1 2 0 1 0
45 1 2 13 6 2 1
23 3 2 0 19 1 1
40 3 1 5 55 1 0
23 1 1 0 2 1 0
39 1 2 3 1 1 0
26 1 1 5 34 1 1
26 3 1 0 0 2 0
21 1 2 0 1 2 0
30 3 2 3 65 1 0
44 3 2 0 12 1 0
21 1 2 1 21 1 1
23 1 2 0 2 2 0
49 1 1 1 1 1 0
23 1 2 3 53 1 1
24 1 2 1 75 1 1
21 1 1 1 1 1 1
37 3 1 7 7 1 1
28 3 2 2 10 1 1
23 6 2 7 9 1 1
24 1 1 2 1 1 1
31 3 2 0 0 1 0
24 1 2 2 506 2 1
25 1 2 1 1 1 0
33 1 2 1 1 2 1
26 1 2 24 86 2 1
27 1 2 1 6 1 0
46 3 2 0 2 1 0
38 3 1 1 1 2 1
24 1 1 0 1 2 0
38 1 1 0 1 2 0
27 1 2 7 4 1 1
48 1 2 6 2 1 0
31 3 1 2 27 1 1
28 1 2 5 52 2 1
30 4 2 7 1 1 0
25 3 2 6 1 2 1
55 3 2 0 1 2 0
40 1 2 5 30 1 1
21 1 2 0 1 1 1
28 1 2 10 244 1 1
20 1 2 2 1 1 1
31 1 2 10 5 1 1
57 1 1 0 78 2 0
25 1 2 0 7 2 0
22 1 2 7 11 1 1
31 1 2 3 16 1 1
43 1 2 7 1 1 0
25 3 1 0 1 2 0
39 4 2 1 1 2 0
40 1 2 1 2 1 0
20 1 2 0 2 1 1
35 1 2 2 1 2 0
34 1 2 1 2 2 1
27 3 2 18 179 1 1
38 1 1 3 0 1 1
21 3 2 0 1 1 1
25 1 2 0 1 2 1
53 1 2 6 8 2 1
50 1 1 4 13 1 0
23 3 1 1 1 2 0
22 6 2 0 7 1 1
27 3 2 0 0 2 1
29 1 2 5 0 1 1
38 1 2 1 4 2 0
54 3 1 2 0 1 0
26 1 2 1 57 1 1
37 1 2 23 2 1 1
36 1 2 25 1 2 1
28 1 2 18 12 1 1
49 1 2 1 2 2 0
36 1 2 11 1 1 0
41 3 1 0 1 1 0
26 4 2 9 1 1 1
40 3 2 9 1 1 0
21 1 2 7 11 1 1
22 6 2 0 1 1 1
33 3 2 0 1 1 0
26 1 2 7 19 1 0
27 1 1 0 4 2 1
35 1 2 1 1 1 0
27 1 2 3 1 2 0
37 4 2 3 2 2 1
31 1 1 3 62 1 0
36 1 2 26 1 1 1
32 6 1 0 2 2 0
50 3 2 1 1 1 0
52 3 2 1 1 1 0
24 1 2 1 2 2 0
38 1 2 0 1 1 0
54 1 2 11 1 1 0
71 3 2 13 1 1 0
27 1 2 9 1 1 1
39 3 1 1 39 1 0
34 6 2 1 0 2 1
23 6 2 0 5 2 1
36 1 1 5 1 1 1
55 1 2 0 1 1 0
27 3 2 0 9 1 0
23 1 2 2 0 1 1
20 1 2 1 1 1 1
31 1 1 10 1 1 0
24 3 2 8 37 1 0
37 3 1 2 1 1 1
26 3 2 0 1 1 0
29 3 2 0 1 1 0
41 1 2 4 0 2 1
37 1 2 0 1 1 1
46 3 2 2 1 1 0
56 3 1 10 41 1 1
23 1 2 0 1 1 1
23 1 1 1 2 1 1
25 1 2 0 0 1 1
24 1 2 1 1 1 1
26 4 2 1 1 2 1
24 3 2 2 10 1 1
23 1 2 0 15 1 1
43 3 2 2 1 1 0
53 3 1 0 1 2 0
24 1 2 1 58 1 1
28 1 2 0 0 1 0
21 3 2 1 1 1 0
31 6 2 0 9 2 0
33 3 2 3 1 1 1
35 1 1 1 1 1 0
55 3 2 3 1 2 0
50 4 2 9 29 2 1
28 1 2 0 1 2 0
44 3 2 0 2 2 1
19 1 2 3 1 1 1
23 6 2 2 45 2 0
24 1 2 3 0 1 1
50 3 2 2 1 1 0
31 1 2 0 22 2 0
28 3 1 0 1 1 1
42 3 2 0 1 1 0
21 1 2 0 97 2 1
21 3 2 0 0 1 1
24 6 2 0 1 2 1
31 3 2 3 2 1 1
23 4 2 0 2 2 0
27 3 2 0 0 1 1
32 6 2 0 0 2 0
28 1 2 7 78 1 1
67 3 2 0 1 2 0
32 1 1 11 0 1 0
44 1 2 7 1 1 0
25 1 2 1 1 1 1
30 1 1 15 1 2 1
28 3 2 9 1 2 0
27 1 2 0 3 1 1
36 6 2 8 2 2 0
25 3 1 0 2 2 0
31 3 2 5 1 1 1
30 3 2 0 0 2 1
33 1 2 4 8 1 0
38 4 2 0 0 2 0
26 1 2 1 0 2 1
52 4 2 5 7 1 1
22 3 1 2 2 2 1
50 3 2 0 1 1 0
58 3 2 1 1 1 1
34 3 2 3 1 2 1
32 3 2 1 0 1 1
29 1 2 0 2 2 1
27 1 2 0 1 2 0
39 3 2 5 19 1 0
24 1 2 0 1 1 0
38 1 2 8 2 2 0
52 3 2 7 1 1 0
56 1 2 3 1 2 1
46 3 2 7 36 1 1
38 3 2 5 3 1 1
47 3 2 3 63 2 0
32 3 2 0 1 1 0
34 1 2 27 1 2 0
42 1 2 5 3 1 0
35 1 1 0 2 2 1
20 3 2 0 7 1 1
32 3 1 2 33 1 1
21 3 2 0 1 2 0
24 1 2 0 1 2 1
24 1 2 1 124 2 1
26 1 2 0 1 2 1
52 3 2 8 39 1 0
27 1 2 1 2 2 0
27 3 1 0 1 2 0
56 3 2 0 1 1 0
52 3 2 16 11 1 1
37 1 2 3 1 1 1
45 1 2 0 0 2 0
36 3 1 3 27 1 1
29 1 1 0 1 1 0
21 4 2 0 1 1 0
20 6 2 3 1 2 1
27 1 2 11 5 1 0
28 1 2 11 0 1 1
38 1 2 4 1 2 0
30 6 2 0 1 1 0
19 1 1 1 434 1 1
37 3 1 1 1 1 0
34 1 2 0 2 2 1
37 3 2 7 70 1 1
21 1 2 1 1 1 0
21 1 2 0 7 1 1
38 3 1 3 1 1 0
47 1 2 1 1 2 0
56 3 2 3 191 1 0
27 1 2 2 246 1 1
23 1 2 0 1 2 0
57 3 2 0 2 1 0
25 1 2 9 13 1 0
23 1 1 2 116 1 1
32 1 2 8 2 1 1
36 1 1 2 1 2 0
41 1 2 5 1 2 0
39 6 1 0 1 1 0
21 1 2 1 2 1 1
31 1 2 2 2 2 0
37 3 2 0 1 2 0
27 1 2 0 2 1 0
22 1 2 2 16 1 1
59 3 2 2 19 1 0
33 1 1 0 29 1 1
43 1 1 2 2 1 0
25 3 2 5 102 1 1
23 1 2 3 4 1 1
43 3 1 3 1 2 1
56 3 2 9 20 2 1
20 1 1 1 4 1 1
50 1 2 2 1 2 1
54 3 1 1 3 2 0
20 1 2 1 2 1 1
36 6 2 3 46 2 1
36 1 1 3 0 1 1
56 1 2 0 2 2 0
25 1 2 2 1 1 0
42 3 1 1 21 1 1
48 1 2 4 1 1 0
34 1 2 21 6 2 1
28 3 2 0 1 1 0
32 3 2 1 1 1 0
31 3 1 2 2 1 0
24 1 1 4 6 1 1
25 3 1 0 0 1 1
32 3 1 4 0 1 0
37 1 2 20 36 1 1
24 1 2 1 2 1 1
48 1 2 0 1 2 0
35 1 2 1 0 1 0
21 1 2 1 1 1 1
21 1 1 0 33 1 1
27 3 1 0 2 1 1
22 1 2 0 1 1 0
28 1 2 4 0 1 0
26 1 2 0 1 2 0
23 6 2 0 1 2 1
34 3 2 0 1 1 0
22 1 2 3 34 1 0
30 6 2 5 62 1 1
44 3 2 5 7 1 0
57 3 2 1 17 1 0
22 1 2 0 5 1 1
24 1 2 7 68 1 1
20 3 2 0 1 1 0
53 4 2 1 2 2 1
60 1 2 13 1 1 0
22 1 1 2 1 1 0
43 4 2 0 1 2 0
72 3 2 7 0 1 0
33 1 2 3 4 1 1
24 1 2 1 0 1 1
60 1 2 0 218 1 0
24 3 2 3 7 1 1
30 1 2 1 2 2 0
43 3 1 0 30 2 0
48 4 2 1 6 2 0
54 6 2 0 0 2 0
45 1 2 1 2 2 0
36 6 2 0 4 1 0
31 3 2 1 0 2 0
40 1 2 0 2 2 0
50 3 2 1 2 1 0
26 6 1 1 1 2 0
41 1 2 7 1 1 0
34 3 2 5 0 1 1
28 3 1 0 2 1 0
23 3 2 2 0 1 1
37 4 1 0 1 2 1
35 4 2 5 0 2 0
21 3 2 1 49 1 1
22 1 1 2 35 2 1
29 1 2 6 36 1 1
30 1 1 0 1 2 0
45 3 2 3 93 2 1
24 1 1 2 1 1 0
31 3 2 4 29 1 1
56 3 2 0 1 2 0
24 1 2 14 180 1 1
38 1 2 11 18 1 0
51 1 2 22 35 1 1
22 3 2 0 1 1 0
28 1 2 5 1 2 0
47 1 2 19 212 1 1
51 1 2 0 30 2 1
25 3 2 1 42 2 0
53 4 2 1 1 1 0
30 1 2 0 2 1 0
33 3 2 0 0 1 1
35 1 2 5 225 1 1
33 1 1 0 2 1 0
59 6 2 1 1 2 0
33 3 1 1 85 1 0
27 1 2 2 132 1 1
29 1 1 9 15 1 1
24 1 2 3 44 1 1
43 1 2 5 1 1 0
37 1 2 11 1 2 1
53 1 2 13 91 1 0
26 1 2 4 1 1 1
30 3 1 1 0 2 0
27 1 2 6 2 1 1
39 3 2 9 1 1 1
37 3 2 4 0 2 1
22 3 2 3 11 2 1
25 3 2 0 2 1 0
26 4 2 1 1 1 0
28 3 1 0 1 2 0
25 1 2 0 2 2 1
58 3 2 1 3 1 0
29 3 1 1 2 2 1
33 1 2 8 3 1 0
38 1 2 0 1 1 0
38 3 2 2 19 1 0
59 1 2 22 69 1 1
29 6 2 4 1 2 1
53 3 2 0 4 2 1
33 1 2 2 1 1 1
58 3 2 1 1 2 0
53 3 2 2 41 1 0
32 3 2 0 18 2 1
35 1 2 6 11 1 1
39 3 2 1 1 1 0
36 4 2 1 14 2 0
42 3 1 5 6 2 1
37 1 2 0 1 2 0
39 3 2 0 3 1 0
52 3 1 3 0 2 0
60 6 2 1 1 2 0
37 4 2 2 1 2 0
42 3 2 4 18 1 1
23 1 2 6 1 1 1
42 1 1 0 1 2 1
28 1 2 5 0 1 0
38 3 2 12 1 1 0
43 1 1 2 2 1 1
42 1 2 0 1 1 0
25 3 1 0 1 2 0
32 1 2 7 37 1 1
21 1 2 0 0 1 1
35 3 1 1 29 2 0
37 3 2 0 127 1 0
33 1 1 2 0 1 0
51 3 1 4 8 1 0
39 3 2 3 3 1 0
35 4 2 5 2 2 1
40 1 2 3 13 1 0
32 1 2 17 0 1 1
32 3 2 3 0 1 1
37 6 2 0 1 2 0
32 1 2 10 1 1 1
47 3 2 5 0 2 1
23 3 1 0 1 2 0
63 3 2 10 2 1 1
38 1 2 16 242 1 1
32 1 2 6 2 2 1
31 1 2 4 24 1 1
23 1 2 0 1 1 0
38 4 2 1 126 2 0
47 3 1 0 0 2 0
33 3 2 1 10 1 1
22 3 2 1 9 1 0
40 3 2 0 1 2 1
36 1 2 14 174 1 1
65 3 1 0 1 2 0
22 1 1 0 1 2 0
34 4 2 0 0 2 0
38 4 1 0 1 1 0
26 3 1 4 1 1 1
20 4 2 0 23 2 1
49 4 2 0 1 1 0
52 3 2 2 5 1 1
25 6 2 2 1 2 1
34 1 2 5 4 1 0
33 1 2 1 1 2 1
21 1 2 1 1 1 0
46 1 2 9 5 1 0
57 3 2 1 1 2 0
22 1 2 2 0 1 1
48 3 1 1 2 2 1
40 1 2 21 30 1 0
30 1 1 1 1 1 0
21 3 2 4 33 2 1
39 1 1 22 4 1 1
33 3 1 0 1 2 1
24 1 2 0 0 1 0
43 1 2 0 1 1 1
45 3 1 0 1 2 0
51 1 2 3 2 1 0
31 1 2 9 1 2 1
27 3 2 0 2 2 0
32 1 2 1 1 1 0
49 3 2 0 1 2 0
29 1 2 2 27 1 0
23 1 2 2 1 1 1
30 2 2 6 1 2 0
30 3 2 0 56 2 0
34 1 2 13 1 1 1
33 1 2 4 0 1 0
28 1 2 1 1 2 0
29 1 2 1 41 1 0
38 3 2 0 1 2 0
37 3 2 0 1 1 0
33 3 1 0 1 2 1
30 4 2 0 0 1 0
51 1 2 19 13 1 0
65 1 2 7 1 2 0
32 1 1 1 1 2 0
38 3 2 5 0 1 1
35 1 2 1 1 1 0
57 3 2 1 1 1 0
26 3 2 1 0 1 0
36 1 1 4 2 2 1
33 4 1 2 9 1 1
35 3 2 3 1 1 1
33 1 2 0 1 1 0
47 3 2 0 1 2 0
53 4 1 0 1 2 0
35 3 2 1 4 2 1
36 1 1 1 1 1 1
25 3 1 0 1 2 0
52 4 2 10 149 1 0
51 3 2 6 2 1 1
24 1 2 8 215 1 1
32 3 2 0 1 1 1
43 1 2 8 349 1 1
45 1 2 20 47 2 0
42 1 2 10 1 2 1
22 1 2 1 6 1 1
49 1 2 4 1 1 0
42 1 2 0 34 1 1
40 3 2 0 30 2 1
25 1 2 2 1 1 1
25 3 2 0 2 2 1
23 1 2 0 2 1 0
21 3 2 2 1 1 1
31 3 2 3 0 2 0
28 1 1 0 1 2 0
24 1 2 11 51 1 1
45 3 2 0 37 1 0
23 1 2 2 1 2 1
39 1 2 7 0 1 1
24 1 2 1 1 1 0
46 3 2 1 1 1 0
47 3 2 3 2 1 0
22 1 2 1 1 2 1
34 3 1 0 1 2 0
33 3 2 0 0 2 1
29 1 2 16 1 1 1
34 4 2 3 5 2 0
29 1 2 0 1 2 0
25 3 1 2 1 2 1
34 3 2 16 1 1 1
55 1 1 1 1 1 0
27 1 2 0 1 1 1
26 1 2 0 1 2 0
39 1 2 19 180 1 1
24 1 2 1 0 1 0
29 3 2 0 1 2 0
50 1 2 13 243 1 1
25 4 2 2 1 1 1
31 1 2 4 2 1 1
31 6 2 0 0 2 0
26 3 2 2 1 1 0
54 3 2 2 97 1 0
33 1 2 14 1 1 1
22 1 2 0 1 2 1
35 1 2 8 239 1 0
30 6 1 4 2 1 1
25 1 2 0 1 1 0
25 1 2 0 0 1 0
44 1 2 0 1 1 1
29 3 1 2 9 1 1
46 3 2 2 2 1 1
53 3 2 0 4 2 0
24 1 2 2 2 1 1
52 1 1 2 1 1 1
27 1 2 0 1 2 1
41 3 2 0 1 1 0
21 1 1 0 1 1 1
24 3 2 1 0 1 0
23 3 2 0 1 2 0
42 1 2 0 1 1 0
24 1 2 5 1 1 1
26 1 2 4 1 1 1
50 3 2 9 425 1 1
32 1 1 3 1 2 0
40 1 2 13 1 1 0
27 1 2 2 0 1 0
23 3 2 0 1 1 1
37 1 2 22 2 2 1
32 1 2 1 4 2 1
52 3 2 4 2 2 1
29 3 2 2 4 1 0
49 1 2 0 0 2 0
50 3 2 0 2 1 0
26 3 2 2 0 1 1
34 3 1 0 31 1 1
28 3 1 1 10 1 0
30 1 2 0 0 1 1
24 1 2 3 2 1 1
25 1 2 0 0 2 1
25 1 2 4 9 2 1
45 3 2 2 1 1 0
26 3 2 1 3 1 1
37 6 2 2 29 1 0
24 4 2 0 2 2 0
40 3 2 2 2 2 0
33 4 1 0 1 1 0
53 4 2 18 1 1 0
55 4 2 0 6 2 0
30 6 2 6 18 1 1
21 1 2 1 15 1 1
55 3 2 0 1 2 0
22 3 2 1 1 1 1
23 1 1 1 1 1 0
57 3 2 9 59 1 1
33 3 2 0 1 2 1
32 3 2 2 1 1 0
47 3 2 3 13 1 0
51 3 2 6 19 2 1
22 1 2 1 1 1 0
47 3 2 2 2 1 0
28 3 2 1 0 1 1
28 1 2 5 35 1 0
44 3 1 1 6 2 1
25 1 2 0 3 1 1
34 1 2 4 1 2 0
65 3 2 0 1 2 0
33 3 2 5 119 1 1
23 3 1 0 1 2 0
44 3 1 0 1 2 0
24 1 2 1 1 2 0
51 3 2 1 1 2 0
21 1 1 0 2 1 1
39 3 2 6 1 1 0
29 1 2 29 5 1 1
24 3 2 1 1 1 0
23 1 1 0 2 1 1
31 1 2 11 0 1 1
35 1 1 0 1 2 0
30 6 2 0 1 1 0
39 1 1 4 3 1 0
51 3 2 0 1 2 0
22 3 2 1 237 1 0
29 3 2 2 23 1 0
32 3 2 6 3 1 1
33 3 2 3 12 2 1
58 3 2 5 1 1 1
54 6 2 0 28 1 0
33 1 2 2 28 1 1
48 1 2 10 175 1 0
23 1 2 0 3 2 0
23 3 2 2 15 1 1
47 2 2 1 1 2 0
21 6 2 0 2 1 0
29 1 2 0 2 2 1
48 3 2 2 1 1 0
37 3 2 4 83 2 1
50 3 2 3 14 1 0
19 1 2 3 2 1 1
49 1 2 13 1 1 0
58 3 2 2 5 1 0
31 1 2 6 0 1 0
23 1 2 1 1 2 0
23 1 1 0 1 1 1
31 3 2 17 1 1 1
33 6 2 0 84 1 1
57 3 2 6 1 1 0
31 3 1 0 1 2 0
57 1 2 19 3 1 0
57 3 2 12 3 2 0
29 1 2 6 1 2 1
30 1 2 0 0 2 1
45 1 2 11 1 1 0
42 3 2 0 0 1 0
48 6 2 7 1 1 0
29 1 2 12 12 1 1
28 3 1 0 1 1 0
25 1 2 1 1 2 1
34 3 1 3 10 2 0
27 1 2 0 1 1 0
39 1 2 4 40 1 0
27 1 2 4 51 1 1
30 3 2 7 1 1 1
31 1 2 15 5 2 1
20 1 2 1 1 2 1
26 3 2 2 1 1 1
34 3 2 0 1 1 1
27 3 2 0 1 2 0
29 1 2 4 1 1 0
27 1 2 7 5 1 0
24 3 1 0 2 1 0
29 1 2 0 1 1 1
20 3 2 0 1 1 0
23 3 1 0 0 1 0
48 1 1 0 0 2 0
34 1 2 0 0 2 1
46 1 2 1 1 2 1
41 3 1 3 1 1 0
26 1 2 3 1 1 1
37 1 2 11 1 1 1
22 3 1 2 1 1 0
32 1 2 7 1 1 0
44 1 2 0 2 2 0
60 1 2 3 1 2 0
49 3 2 0 0 1 0
30 1 2 10 2 2 1
52 3 2 0 1 1 0
34 1 2 0 2 1 0
55 1 2 5 4 1 1
33 1 2 0 1 2 0
22 1 2 0 1 1 1
27 1 1 0 1 2 0
20 1 2 0 1 1 1
33 3 2 0 54 1 0
26 1 2 0 2 2 0
29 1 2 0 2 2 0
32 1 2 1 0 2 0
37 3 2 4 1 2 0
31 1 2 15 104 1 0
29 1 2 6 1 1 1
31 1 2 6 41 1 0
36 3 1 2 2 1 0
37 1 1 1 9 1 0
34 3 2 5 6 2 1
20 3 2 1 1 2 1
24 3 2 8 35 1 1
29 1 2 8 1 2 1
45 1 1 1 3 1 0
34 3 2 2 1 1 1
70 1 2 0 1 2 0
23 1 2 4 3 1 0
27 3 2 5 2 2 0
44 3 2 6 119 1 1
26 1 2 0 1 2 0
23 3 1 2 1 2 0
27 1 2 3 8 1 1
46 3 1 1 25 1 0
27 1 1 1 27 1 0
45 3 2 7 1 1 0
42 1 2 1 8 2 0
24 3 1 3 1 2 1
20 1 2 2 2 1 1
49 3 2 3 0 1 0
29 4 2 0 0 1 0
52 3 1 1 3 1 0
37 4 2 4 1 2 1
26 1 2 1 7 2 0
53 1 2 15 81 1 1
47 4 2 1 17 1 0
38 1 2 0 749 2 1
25 1 2 1 0 1 0
21 1 2 1 6 1 1
48 1 2 0 1 2 0
24 6 1 0 1 1 0
22 1 2 0 1 1 1
38 3 2 2 28 2 0
23 6 2 0 3 1 1
54 6 2 2 1 2 0
24 4 2 1 11 1 0
44 3 1 0 1 2 1
64 3 2 0 1 2 0
38 3 2 5 0 2 1
45 6 1 0 1 2 0
49 1 2 1 5 1 0
33 2 2 0 1 2 0
44 4 2 2 1 1 0
51 1 2 3 3 1 0
50 1 2 0 1 1 0
33 3 2 2 22 2 0
54 3 1 0 30 2 0
28 4 2 3 1 1 1
42 1 2 17 52 2 1
34 3 2 3 1 1 0
38 3 2 2 9 1 1
21 1 2 1 1 1 1
33 1 2 5 0 1 0
32 1 2 9 23 2 1
45 3 2 1 1 2 0
30 3 2 1 34 1 1
29 1 1 0 2 1 0
51 3 1 0 8 2 1
28 1 1 0 1 1 0
27 3 2 1 1 1 0
28 4 2 16 29 1 1
30 1 1 0 0 1 0
32 1 2 0 2 2 0
27 3 2 5 1 1 0
21 4 2 1 2 1 1
21 1 2 0 2 1 0
34 3 1 0 63 1 1
24 1 2 7 200 1 1
32 3 2 0 19 2 0
38 3 1 5 42 1 1
56 1 2 3 15 2 0
44 1 1 0 1 2 0
31 1 2 1 1 2 1
25 3 1 6 25 1 0
20 1 1 0 1 2 0
35 1 2 1 2 2 0
33 1 2 1 1 1 1
24 1 2 0 1 2 0
40 4 1 2 4 2 0
27 1 2 9 0 1 1
38 1 2 9 2 1 1
20 3 2 0 1 1 1
30 1 2 9 1 1 1
36 3 2 9 19 1 1
23 1 2 2 8 2 1
39 1 2 21 1 1 1
29 3 2 3 1 1 1
58 3 2 2 1 2 1
23 4 2 2 35 1 0
23 3 2 3 26 2 1
68 1 1 5 1 1 0
26 3 1 2 0 2 0
51 1 2 0 1 1 1
25 1 2 0 1 2 0
40 1 2 5 55 1 1
51 1 2 14 8 1 0
27 1 2 2 15 2 1
49 1 2 11 32 2 1
36 6 2 0 3 2 0
20 1 2 0 4 1 0
21 1 2 2 86 1 1
31 1 1 0 1 1 0
57 1 2 0 1 2 0
61 3 1 8 31 1 1
35 4 2 3 10 1 1
54 1 2 3 2 1 1
39 3 2 0 1 1 0
24 1 2 1 33 1 0
29 4 1 0 1 1 1
48 1 2 8 11 1 1
30 1 2 6 0 2 1
26 1 2 10 2 1 1
37 1 2 12 0 1 1
26 1 2 4 45 1 1
29 1 2 7 9 2 1
26 1 2 1 30 2 1
60 1 2 2 1 1 0
27 3 2 2 1 1 1
22 3 2 1 1 1 0
28 1 2 3 0 1 0
33 1 2 13 0 1 1
28 1 2 2 125 1 0
55 3 2 0 0 2 1
21 1 2 6 1 1 1
28 4 2 2 2 1 1
22 4 1 0 1 2 0
29 3 1 6 68 1 1
24 1 2 2 50 2 1
50 1 2 12 1 1 1
24 1 2 1 2 2 1
47 1 2 1 50 1 0
54 3 2 6 1 1 0
42 3 1 0 1 2 0
35 3 2 5 1 1 0
30 1 2 0 1 1 1
53 3 2 1 1 1 0
31 1 1 2 2 2 0
31 1 2 0 1 1 1
23 6 2 4 2 1 0
47 1 2 9 65 1 0
24 1 2 9 3 2 1
22 1 1 2 3 1 0
45 4 2 1 0 2 0
30 1 1 2 1 1 0
30 6 2 5 6 2 1
43 3 1 22 27 2 1
50 1 2 0 0 2 0
24 6 1 2 1 1 1
42 3 1 3 1 1 0
29 3 1 1 13 1 1
31 4 2 0 1 2 0
25 1 2 5 54 1 1
36 1 2 4 1 1 0
24 1 2 1 2 2 1
28 3 2 5 0 1 0
31 3 2 0 1 2 1
23 1 2 0 3 1 0
29 3 2 4 7 2 1
51 1 2 11 79 2 1
34 1 2 1 1 1 0
29 1 2 12 0 1 1
39 1 2 13 1 1 1
36 4 1 0 0 2 0
59 1 2 15 15 2 1
23 1 2 3 1 1 1
31 1 2 15 0 1 0
53 3 2 0 0 2 0
34 1 2 12 35 1 0
63 1 1 1 0 1 0
21 6 2 0 1 1 1
21 1 1 0 0 1 1
47 3 2 28 34 1 1
34 1 2 7 0 1 1
58 3 2 4 1 1 1
40 4 1 4 5 1 1
36 1 2 16 8 1 1
23 1 1 0 2 2 0
34 1 2 5 1 1 1
56 3 2 13 7 1 0
52 3 1 0 1 1 0
56 1 2 0 7 1 0
37 1 1 0 1 2 0
50 3 1 0 2 2 0
25 1 2 1 1 1 1
22 1 2 0 1 1 1
43 3 1 0 0 2 1
30 3 2 1 35 2 0
29 2 2 0 1 1 0
24 3 2 0 1 1 0
29 1 2 7 1 2 1
24 3 1 0 1 1 0
74 1 1 0 1 1 0
27 1 2 8 1 2 1
37 4 2 1 1 1 1
29 3 2 5 0 1 0
35 1 1 5 1 1 0
29 1 2 1 99 2 1
36 3 2 1 1 1 0
26 3 2 2 2 1 0
26 1 1 1 1 1 0
39 3 1 11 1 1 1
22 1 2 3 1 1 1
28 3 2 0 2 1 0
51 3 2 1 1 1 1
35 4 1 0 1 2 0
23 1 1 0 1 2 0
29 1 2 6 1 1 1
20 6 2 0 1 1 1
24 1 2 1 6 2 1
23 4 1 2 1 2 0
33 1 1 5 187 1 0
21 3 2 1 1 1 1
59 3 2 3 2 2 0
26 3 2 4 3 1 1
38 6 2 2 1 1 0
28 4 2 2 3 1 0
23 4 2 2 59 1 1
21 1 2 1 1 1 1
52 1 2 0 1 2 1
56 1 2 12 2 1 1
40 3 2 1 2 2 0
48 3 1 8 24 2 1
26 1 1 0 1 1 0
66 3 2 1 5 1 1
54 1 1 6 1 1 0
31 3 2 4 27 2 1
34 3 2 0 1 1 0
25 1 2 9 85 1 1
47 3 2 2 6 1 0
51 1 2 12 1 1 1
25 3 2 1 0 1 0
25 6 2 0 20 1 1
31 1 1 2 1 1 1
36 3 2 1 1 1 0
49 3 2 0 0 2 0
31 1 2 0 1 1 0
30 3 2 1 1 1 0
29 1 2 3 1 1 1
53 3 1 6 11 1 1
21 1 2 1 456 1 1
21 1 2 0 1 1 0
27 1 1 1 0 1 1
65 1 1 0 1 1 0
59 3 1 0 0 2 0
59 1 2 0 2 2 0
24 1 2 0 3 2 0
40 1 2 0 1 1 0
51 1 2 0 2 1 1
34 1 2 10 1 1 1
30 4 2 1 0 1 1
52 1 2 1 1 1 0
38 1 2 2 3 1 1
22 1 1 0 1 1 0
43 1 2 0 3 1 0
32 3 2 5 55 1 1
55 1 2 0 1 1 0
26 1 2 2 9 1 0
23 3 2 1 1 2 0
47 6 1 0 3 1 0
28 3 2 1 1 2 1
27 4 2 0 0 1 1
61 4 2 2 3 1 1
26 1 2 0 2 1 0
28 3 1 1 0 2 1
43 1 2 0 2 1 1
33 1 2 21 6 2 1
21 3 2 0 1 2 0
32 3 1 0 1 2 0
22 1 2 1 0 1 1
51 1 2 3 0 1 0
20 1 2 2 129 1 1
35 3 2 2 1 1 0
37 1 1 3 29 1 0
28 1 2 0 0 2 1
41 3 2 3 2 2 1
24 1 2 0 2 2 1
33 1 1 3 2 2 0
30 3 1 4 30 1 0
20 1 2 1 6 1 1
42 1 1 1 0 1 0
40 1 1 15 66 1 1
39 1 2 0 1 1 1
21 1 2 0 3 1 0
39 3 2 2 2 1 1
24 3 2 0 0 1 0
41 1 2 0 1 1 0
39 1 2 1 1 1 0
24 1 1 3 0 1 0
24 1 1 1 1 1 0
29 1 2 0 1 2 1
25 3 2 2 11 2 1
23 3 1 0 2 1 1
22 1 2 1 0 1 1
26 6 1 4 2 2 1
26 1 2 3 205 2 1
24 1 1 3 3 2 1
44 1 2 0 34 2 0
36 3 2 1 19 1 1
39 3 2 10 1 1 1
42 3 2 0 1 1 0
45 3 2 1 1 2 0
25 1 2 7 20 1 1
33 3 2 0 5 1 0
25 3 2 0 3 2 0
32 1 2 5 9 1 0
23 1 2 0 4 1 0
39 3 2 0 2 2 0
27 1 2 12 1 1 1
35 3 1 4 2 2 0
38 1 1 0 1 2 0
30 1 2 4 7 1 0
30 3 2 1 29 1 0
30 3 1 0 0 2 0
26 1 2 18 198 1 1
31 1 2 2 2 1 0
34 6 2 0 108 1 0
25 1 1 0 44 2 0
26 3 1 1 9 1 0
38 1 2 2 9 1 1
37 1 1 0 1 2 0
34 3 2 3 1 2 0
38 4 1 0 25 1 0
31 1 1 0 2 2 0
29 3 1 0 0 2 0
20 3 2 1 16 1 1
22 1 2 0 1 1 0
51 4 1 0 1 2 0
24 1 2 2 1 2 1
47 1 2 0 1 1 1
36 1 1 1 6 1 1
21 1 2 1 1 2 0
25 1 2 3 81 2 1
23 1 2 5 5 1 1
23 6 2 0 1 2 0
24 3 1 0 0 2 0
35 3 2 2 2 1 1
23 4 1 0 1 2 0
19 1 1 0 1 2 1
32 3 2 0 6 1 1
39 3 1 0 1 2 1
30 1 2 12 9 1 1
33 1 2 2 259 1 0
36 3 1 0 1 2 0
29 1 2 8 3 1 1
40 3 1 0 0 1 0
53 1 2 4 2 1 0
28 3 1 0 1 2 0
38 4 2 2 29 2 0
27 1 2 9 2 1 1
55 3 2 0 1 1 0
22 1 2 1 2 2 0
34 1 1 1 2 1 0
55 3 2 1 4 2 0
24 4 2 2 92 1 0
47 1 1 21 22 2 1
41 6 2 0 0 2 0
41 4 2 0 1 1 0
61 1 2 12 242 1 0
57 1 2 3 2 1 0
38 3 1 2 1 2 0
25 3 2 13 5 1 1
23 1 2 0 1 1 1
23 3 2 3 10 1 0
20 1 2 0 1 1 0
44 3 2 1 1 1 0
38 3 1 1 2 2 0
56 1 2 5 598 1 1
43 3 2 2 5 1 1
22 1 2 0 150 1 1
32 6 2 0 1 1 0
29 1 2 0 1 1 0
22 1 2 1 103 1 1
23 1 2 3 44 1 1
24 3 2 1 2 1 0
45 6 2 0 0 2 0
21 1 2 2 1 1 0
29 1 1 0 1 2 0
51 3 1 0 1 2 1
36 4 2 2 1 2 1
25 1 2 1 0 1 0
46 4 2 13 142 1 0
62 1 2 22 33 1 1
25 1 2 0 1 1 1
27 3 2 2 2 1 0
22 3 1 3 3 1 1
37 4 2 1 2 1 0
21 3 2 0 2 1 1
39 3 1 2 1 1 1
43 1 2 8 1 1 1
22 1 2 0 1 2 1
28 1 1 4 2 1 0
43 3 2 0 1 1 1
27 3 2 7 1 1 1
27 6 2 0 54 1 1
31 3 2 1 1 1 1
28 1 1 0 1 2 0
58 3 2 3 1 2 0
22 3 2 0 6 1 1
31 1 2 5 2 1 0
33 1 2 0 40 1 0
26 1 2 6 1 2 1
23 1 1 1 0 2 0
32 3 2 11 141 1 0
22 3 2 0 1 1 0
35 1 1 2 1 1 0
47 3 2 1 82 1 1
35 4 2 2 14 1 0
29 1 2 17 1 1 1
54 3 1 1 4 2 0
29 3 2 0 90 1 0
28 6 1 0 1 2 1
51 1 2 17 1 1 1
36 1 1 0 1 2 0
35 3 2 3 10 2 1
20 1 2 1 1 1 1
25 1 2 0 2 1 0
29 1 2 2 1 2 0
31 4 2 0 0 1 1
39 3 2 0 0 2 0
30 1 2 1 132 1 1
23 1 1 0 0 1 0
23 1 1 1 1 1 0
37 4 1 0 1 2 0
30 1 2 21 1 1 1
33 1 2 18 1 1 1
20 4 2 0 1 2 1
30 1 2 9 8 1 1
23 1 2 1 36 1 0
27 1 1 0 1 1 1
38 1 2 10 1 2 0
42 1 2 1 2 1 0
31 1 2 0 1 1 0
23 1 2 2 6 1 1
31 3 2 1 39 1 1
43 1 2 1 5 2 1
39 3 2 0 6 1 0
31 1 2 0 4 2 0
22 3 2 3 142 1 1
33 1 1 0 2 1 0
23 1 2 1 120 1 1
29 3 1 0 28 1 0
62 3 2 2 3 1 0
56 1 1 1 1 1 1
24 1 1 4 2 1 1
44 3 1 0 1 2 0
22 1 2 2 2 1 1
28 1 1 4 2 1 1
30 1 2 0 0 1 0
32 3 2 1 1 2 1
51 3 2 3 17 1 0
21 1 2 0 3 1 0
21 1 2 2 18 1 1
27 1 2 3 9 1 1
28 4 2 0 0 1 0
31 1 1 0 2 1 0
33 1 2 0 1 2 1
49 3 1 2 1 1 0
41 6 1 2 16 1 0
20 3 2 0 1 2 0
31 1 2 10 182 1 1
25 1 2 5 49 1 1
23 1 2 4 193 1 1
26 3 2 0 3 2 0
45 2 1 6 2 1 1
28 3 2 1 1 2 0
28 1 1 13 32 1 1
39 3 2 0 2 1 1
59 4 2 1 1 1 1
52 1 2 4 5 2 0
36 4 2 1 4 2 0
30 1 2 2 2 1 1
21 1 1 0 1 2 1
25 1 2 2 5 2 1
22 1 2 0 0 1 0
61 1 2 20 31 2 1
24 3 2 2 33 1 0
26 3 1 2 0 1 1
34 1 1 6 1 1 0
45 1 2 12 4 2 1
54 1 2 4 1 1 1
51 1 2 8 26 2 0
28 1 2 0 1 1 0
23 3 2 0 1 1 0
30 3 2 0 1 1 1
25 1 2 0 1 2 1
25 3 2 2 9 1 0
28 3 2 2 1 1 0
32 1 1 0 0 2 1
35 1 2 7 29 1 0
49 1 2 0 4 2 1
36 3 2 5 1 1 1
33 1 2 16 33 2 1
30 6 2 1 2 1 0
58 3 1 1 0 2 0
22 1 2 2 14 1 0
28 3 2 2 2 1 1
28 4 2 0 0 2 1
26 1 2 6 4 1 1
36 3 1 3 1 1 1
23 3 2 0 1 1 0
22 1 2 0 1 1 1
26 1 2 0 2 1 0
25 1 2 1 0 1 0
40 5 2 2 1 2 0
28 1 2 0 1 2 1
56 1 2 1 1 1 0
36 1 2 0 280 1 0
51 3 2 0 2 2 0
35 1 1 9 174 1 0
24 3 2 0 1 2 1
27 1 2 6 1 2 1
22 3 2 2 1 1 1
23 3 1 4 133 2 1
27 3 1 0 0 2 1
31 1 2 8 1 1 1
25 3 2 3 8 1 0
52 3 1 0 1 2 0
35 4 2 0 1 1 0
24 3 1 0 1 1 0
57 6 2 0 7 1 0
38 3 2 2 1 1 0
26 4 2 1 1 2 0
20 1 2 3 21 1 1
34 1 2 2 1 1 0
25 1 2 11 30 2 1
24 3 1 0 1 1 0
49 3 2 4 17 2 1
27 1 2 15 30 1 1
28 1 2 10 20 1 1
55 3 2 0 1 1 0
47 3 2 3 13 2 1
55 1 2 10 4 2 1
22 1 2 0 1 1 1
32 1 2 9 112 1 0
55 3 2 0 1 1 0
23 1 2 3 6 2 0
54 3 2 2 29 1 1
40 2 2 0 20 1 0
27 1 2 0 1 2 1
29 1 1 5 1 1 0
45 3 1 0 1 2 0
25 6 2 2 64 2 0
40 3 2 4 33 1 1
38 1 2 7 7 1 1
26 1 2 3 13 1 1
37 1 1 0 1 1 0
41 3 2 1 1 1 0
33 6 1 0 1 1 0
57 1 2 1 1 1 0
34 1 2 3 1 2 0
29 1 2 1 1 1 1
45 4 2 8 1 1 0
22 3 2 1 8 1 0
22 1 1 0 1 2 1
21 1 2 0 45 2 0
56 3 2 1 1 2 0
48 1 2 4 1 1 0
27 4 2 1 1 2 0
27 3 2 2 7 1 1
34 4 2 1 4 1 0
23 1 2 5 1 1 1
47 1 2 3 11 1 1
33 1 2 6 2 2 1
58 3 2 1 2 1 0
33 1 1 1 1 1 0
40 1 1 2 101 2 0
22 3 2 0 1 1 0
39 3 2 2 8 1 0
35 3 2 1 0 1 0
22 4 2 0 1 2 0
43 1 2 7 2 1 1
37 4 2 4 1 2 0
26 1 2 2 1 1 1
60 4 2 0 1 1 0
39 3 1 1 7 1 0
36 1 2 16 1 2 1
21 3 2 0 1 2 1
28 4 1 1 1 1 1
70 6 1 0 1 1 0
53 1 2 6 1 1 0
37 3 2 0 1 1 0
21 1 2 1 2 1 1
28 1 2 1 1 1 0
21 1 2 1 157 1 0
56 1 2 0 6 1 0
30 3 2 3 1 2 0
27 3 2 0 47 1 1
37 4 2 6 1 1 1
27 1 2 1 2 1 0
41 1 2 7 1 2 1
30 1 1 7 1 2 1
32 1 2 7 1 1 1
32 1 2 3 1 1 0
34 3 1 5 1 1 1
46 1 2 3 2 1 0
24 1 2 1 1 1 1
32 1 2 7 51 1 1
43 3 2 6 10 1 1
50 3 2 3 12 1 0
30 3 2 4 96 1 1
37 1 2 3 1 2 0
37 4 2 1 2 1 0
40 3 2 3 40 2 0
53 3 1 0 0 2 0
31 6 2 6 1 2 1
33 1 2 4 1 2 0
22 1 1 0 1 2 0
27 1 2 2 1 2 1
25 1 2 5 4 2 1
24 3 2 2 1 1 0
24 1 1 2 3 1 1
26 1 1 1 2 1 0
26 1 1 3 1 1 1
20 3 2 0 2 1 1
27 1 2 4 0 2 1
24 3 2 1 1 1 1
26 1 2 8 1 1 1
26 3 2 5 6 2 0
54 4 2 0 1 1 1
64 1 2 13 1 2 0
24 3 2 0 1 1 0
57 3 1 0 1 2 0
46 3 1 0 2 2 0
56 1 2 16 1 1 0
39 3 1 0 0 2 0
68 3 2 4 11 2 0
28 1 2 1 1 2 1
39 1 2 19 1 2 1
38 3 2 0 1 2 0
25 1 1 3 1 2 0
25 3 2 2 1 1 0
21 1 2 3 10 1 1
31 3 2 2 16 1 0
33 1 2 3 7 1 1
26 1 2 20 44 1 1
35 1 1 13 2 1 0
34 1 2 19 1 2 0
41 6 2 31 242 1 1
57 6 2 0 1 2 0
42 1 1 1 1 1 0
26 1 2 9 2 1 1
36 1 2 2 3 1 1
41 1 2 24 1 1 1
27 3 2 0 1 1 0
58 6 1 0 1 1 1
45 3 2 3 0 1 1
34 3 2 5 1 1 0
50 4 2 0 0 2 0
25 3 2 6 0 1 1
24 1 2 2 1 2 1
27 1 2 2 83 1 0
30 3 2 2 0 2 1
22 3 2 3 1 1 1
27 1 2 0 1 1 0
20 6 2 0 1 1 1
41 1 2 19 48 1 1
30 3 2 0 1 1 0
24 1 2 3 76 1 0
39 1 2 0 1 2 0
32 1 1 3 1 1 1
29 3 1 0 343 1 1
37 6 2 0 1 1 1
26 1 2 24 0 1 1
24 1 2 2 1 1 1
30 6 2 2 1 1 0
20 1 2 4 376 1 1
25 1 2 1 1 2 1
31 3 1 0 1 1 1
25 1 2 0 0 2 1
41 3 2 0 1 1 1
25 3 2 0 1 1 0
25 1 2 2 1 1 1
22 1 2 1 0 1 1
25 1 1 0 5 1 0
38 1 2 0 1 2 0
40 4 2 0 65 1 0
49 3 1 4 4 2 0
35 3 1 2 2 2 0
21 5 2 0 1 2 1
25 6 2 0 2 1 0
21 3 2 1 1 1 0
24 1 1 11 77 2 1
28 3 2 3 51 1 0
34 1 2 4 1 1 1
57 1 2 8 5 2 0
40 1 2 15 72 1 1
22 1 2 2 1 2 1
37 1 2 3 1 2 1
43 1 1 0 0 1 0
26 1 2 5 0 1 1
24 3 2 2 1 1 1
56 3 2 1 1 1 1
23 1 2 2 2 1 1
43 3 2 12 52 1 0
32 2 2 0 1 2 0
21 1 2 0 2 1 1
51 1 2 2 25 1 0
20 1 2 0 12 2 1
42 1 2 17 33 1 1
58 4 2 1 2 2 0
28 6 1 1 0 1 0
30 1 1 2 1 2 0
28 3 2 4 1 2 1
24 3 1 9 9 2 1
22 1 2 1 38 1 1
50 3 2 1 1 1 0
30 1 2 5 1 2 0
28 3 2 0 1 1 1
21 1 2 3 1 1 1
26 4 2 2 0 2 0
51 3 1 0 2 1 0
21 1 2 1 3 1 0
29 3 2 0 1 1 1
43 3 2 0 1 2 0
22 1 2 1 2 1 0
52 1 2 0 5 1 1
36 1 2 0 1 1 0
24 1 2 0 1 1 0
26 1 2 5 1 1 0
27 1 2 8 0 2 0
19 3 2 0 2 2 1
26 3 2 2 0 1 0
29 1 1 0 1 1 0
29 3 1 20 56 1 1
38 1 2 1 78 1 1
34 1 2 5 0 1 0
23 6 2 2 2 1 0
26 6 2 0 1 1 1
29 1 1 1 1 2 0
24 1 2 1 1 1 0
31 4 2 1 17 1 1
50 3 2 0 1 1 0
24 1 1 0 1 2 0
31 1 1 0 0 1 0
36 1 2 13 2 1 1
32 1 2 13 39 2 1
42 1 2 1 17 2 1
22 1 2 0 1 1 0
26 1 2 5 27 1 1
26 1 2 10 1 1 1
30 4 2 3 2 2 1
53 3 2 3 3 2 1
23 1 2 2 2 1 1
22 3 2 0 1 1 0
27 3 2 0 1 2 0
21 6 1 0 1 2 0
42 3 2 2 1 1 1
31 1 2 4 4 1 1
80 3 2 0 1 2 0
68 1 2 6 3 2 0
23 1 2 1 2 1 0
36 1 2 4 2 1 1
24 3 2 0 16 1 0
21 3 2 0 1 1 1
26 1 2 3 1 2 1
30 1 1 8 45 1 1
36 3 2 1 1 1 0
21 1 2 0 34 1 1
31 1 1 1 1 2 0
20 1 1 0 2 1 1
49 3 2 4 4 2 0
24 3 2 0 2 1 0
20 1 2 0 1 1 1
44 3 2 1 1 2 0
25 1 1 1 13 1 0
41 3 2 11 118 1 1
25 1 2 1 1 1 0
44 4 2 0 1 2 0
33 1 2 0 1 1 0
20 1 2 0 1 1 1
21 1 2 1 1 1 1
44 3 2 3 1 1 0
23 1 2 1 10 1 1
35 1 2 0 57 2 1
41 1 1 0 1 2 0
30 1 2 1 22 1 0
36 1 2 7 2 1 1
26 1 2 1 1 1 1
32 4 1 0 0 1 0
23 3 2 0 1 2 1
43 1 1 9 2 2 0
30 1 2 3 1 1 1
44 3 2 1 0 1 1
39 3 2 1 1 1 0
37 4 2 2 1 1 1
31 1 2 6 1 1 1
63 3 2 5 4 2 0
66 1 1 11 6 1 1
19 4 2 2 1 1 1
24 3 2 3 1 1 0
21 3 2 2 27 2 0
48 3 1 0 2 1 0
37 1 2 0 13 1 0
21 1 2 0 1 2 1
20 6 1 0 1 2 0
64 3 1 0 1 2 0
22 3 2 0 1 2 0
43 3 2 8 2 1 0
25 3 2 3 19 1 1
33 3 2 10 118 1 0
26 1 2 1 1 1 0
33 3 1 1 1 2 0
44 1 2 0 2 1 0
31 1 2 0 1 1 0
50 3 2 9 1 2 1
33 1 2 16 6 1 1
31 1 2 1 0 1 1
25 4 1 0 0 2 0
43 1 1 2 17 2 0
27 1 2 0 0 2 1
34 6 2 2 1 2 0
44 6 2 0 5 1 0
31 1 2 6 1 2 1
26 1 2 2 148 1 1
20 1 2 4 2 1 1
41 4 2 1 0 1 1
55 4 1 0 1 2 0
29 1 2 6 26 1 0
31 6 2 0 1 2 0
31 1 2 11 0 1 1
52 6 2 0 1 1 0
59 3 2 0 1 2 0
49 1 2 1 0 2 1
36 3 2 11 2 2 1
23 1 1 1 1 1 0
46 3 2 26 167 1 1
59 3 2 2 7 2 1
51 4 2 1 7 1 0
34 1 2 0 0 1 0
32 6 2 0 1 1 0
54 1 2 1 1 1 0
24 1 2 3 1 1 1
32 6 2 0 1 2 1
22 3 2 0 1 1 1
36 1 2 0 0 1 0
61 3 2 0 1 2 0
38 1 1 0 1 2 0
41 4 2 9 9 1 0
34 4 2 2 1 2 1
32 1 2 0 1 1 0
37 3 2 1 8 1 1
21 1 2 4 61 1 0
57 1 2 0 1 1 1
68 1 2 2 0 1 0
24 1 2 0 2 2 0
46 1 2 3 1 1 1
41 3 2 1 58 1 1
30 6 2 0 10 1 0
25 1 2 8 0 1 1
24 1 2 7 1 1 1
41 1 2 1 3 1 0
55 6 2 4 5 1 0
33 3 2 1 3 1 0
23 1 2 0 1 1 0
47 3 1 28 118 1 1
51 3 1 0 1 1 0
36 3 2 1 1 2 0
57 4 2 0 109 2 0
43 1 2 0 0 2 0
26 1 2 4 2 1 1
47 6 2 0 1 2 0
60 1 2 1 1 1 0
24 1 2 0 1 2 1
20 3 2 0 1 1 1
28 3 1 0 1 2 0
28 1 2 7 2 1 1
58 3 2 2 83 2 1
54 6 2 1 2 1 0
24 1 1 2 2 1 1
34 6 1 0 1 2 0
48 6 2 1 21 1 0
37 1 2 0 1 1 0
28 1 2 8 3 1 1
46 3 2 14 1 1 1
45 3 2 2 3 2 0
20 1 2 2 10 1 1
52 1 2 0 1 2 0
29 1 2 0 1 2 0
34 1 2 11 1 1 1
24 1 2 0 23 1 1
28 1 2 6 81 1 1
28 1 2 2 2 1 1
29 1 2 0 0 1 0
55 3 1 2 3 1 0
68 4 2 0 1 2 0
22 4 2 0 2 1 1
24 3 2 3 18 1 1
20 1 2 0 1 1 0
23 1 2 0 32 2 0
44 1 2 6 195 1 1
34 1 2 8 5 1 1
55 1 2 0 1 2 1
23 1 1 0 1 1 1
23 1 1 3 5 1 1
24 4 2 0 6 1 0
77 1 2 0 0 2 0
52 3 2 3 1 2 0
34 1 2 8 2 1 1
39 4 2 0 0 1 0
30 3 2 2 1 2 1
30 1 2 3 6 2 1
26 1 2 0 0 1 1
51 3 1 1 1 2 0
34 1 2 2 12 1 0
23 3 2 0 5 1 0
32 3 2 2 1 1 0
38 1 2 8 16 2 0
21 1 2 0 1 1 1
34 4 2 5 1 1 1
53 3 2 8 4 2 1
34 3 2 1 51 1 0
25 3 2 5 2 1 1
54 1 2 1 1 2 0
25 3 2 2 0 2 1
25 6 2 3 2 1 1
34 4 2 1 1 2 0
46 6 2 0 1 1 1
22 1 2 0 1 1 1
23 1 1 2 1 1 1
27 3 2 1 28 2 1
45 1 2 7 1 1 0
31 3 1 9 27 1 1
45 3 2 1 0 2 0
28 1 2 12 2 1 0
24 1 2 1 0 1 1
28 3 1 6 31 2 1
41 1 2 2 0 1 0
35 1 2 3 1 2 1
20 1 2 1 15 1 1
32 1 2 19 1 1 1
28 1 2 2 31 1 0
33 1 2 7 1 1 1
26 1 2 8 14 1 1
22 1 2 1 1 2 1
25 1 1 4 1 1 0
21 4 2 0 1 1 1
23 3 1 1 0 2 0
30 1 2 2 1 1 1
25 1 2 11 532 2 1
33 1 2 3 12 1 1
35 3 2 3 1 2 0
34 3 2 13 19 1 1
37 1 2 2 1 1 1
55 3 1 0 6 1 1
43 3 2 1 1 2 0
27 1 2 27 0 2 1
26 1 2 7 1 1 0
42 3 1 4 0 2 1
27 4 2 0 1 2 0
41 3 2 1 62 1 0
21 1 2 2 21 2 1
30 1 2 4 1 2 1
30 3 2 1 1 1 0
45 3 1 0 1 1 1
23 1 2 2 7 1 1
31 1 1 2 176 1 1
40 1 2 8 43 2 1
33 1 2 1 1 1 0
40 1 2 11 0 2 1
56 3 2 1 15 1 0
21 1 2 0 1 2 1
51 1 2 4 2 1 0
36 3 2 0 1 2 0
25 4 2 3 1 1 1
30 3 2 0 0 2 0
21 3 1 0 1 1 0
25 4 2 2 1 1 1
38 4 2 0 1 1 0
41 1 2 3 2 2 1
22 3 1 0 1 1 1
29 6 2 8 1 1 1
21 4 2 0 1 1 1
40 1 1 2 1 1 0
37 1 2 2 7 1 0
37 1 1 0 1 1 0
23 1 1 2 1 1 1
55 4 2 0 1 1 0
19 1 2 1 4 1 1
26 3 2 1 1 1 1
25 1 2 0 1 2 0
39 3 2 17 35 1 1
36 3 2 0 1 1 1
26 1 2 6 10 2 0
51 1 2 8 3 2 1
20 1 2 0 30 1 0
43 3 1 0 1 2 0
22 1 2 0 33 1 1
24 3 1 0 1 2 1
35 1 2 2 1 1 0
55 3 2 0 1 2 0
52 1 1 0 0 2 0
33 1 1 0 7 2 0
30 6 2 0 1 1 0
32 1 2 3 37 1 1
20 1 2 5 2 1 1
67 1 2 8 2 1 0
31 1 2 7 1 2 0
21 3 2 0 29 1 1
30 1 2 4 5 2 0
55 3 2 0 1 2 0
25 1 2 0 1 1 0
25 1 2 0 0 1 0
27 1 2 10 1 1 1
22 1 2 0 0 1 0
37 1 2 8 1 1 0
68 3 2 7 5 1 1
37 3 2 0 1 1 0
22 3 2 5 1 2 1
30 1 2 4 1 2 0
34 1 2 1 2 2 0
28 6 2 0 2 2 0
37 3 2 4 1 2 1
41 1 1 8 65 1 1
52 4 2 0 1 2 0
36 3 2 2 1 2 0
26 3 2 2 1 1 0
24 3 2 0 15 1 0
27 1 2 0 2 1 0
37 3 1 0 1 2 0
37 4 2 1 0 1 0
23 1 2 3 43 1 1
58 3 2 5 3 2 0
62 3 1 1 1 2 1
41 1 1 0 1 1 0
33 4 2 0 1 2 0
33 1 2 0 0 2 0
33 1 2 12 1 1 1
41 1 2 14 0 1 1
22 4 2 0 0 1 0
26 3 2 3 1 1 1
33 3 1 0 1 1 0
25 1 2 0 1 2 0
37 1 2 0 1 2 1
23 3 2 11 4 1 1
21 1 2 0 1 2 0
45 3 2 21 1 1 1
37 3 2 13 1 1 0
24 1 2 2 4 2 0
35 1 2 0 2 1 0
22 1 1 0 7 1 1
29 3 2 10 3 1 1
41 1 2 6 2 1 1
37 4 2 8 0 1 1
51 1 2 19 3 1 1
26 1 1 1 1 1 1
46 1 2 2 4 2 0
41 3 2 0 4 1 0
31 3 2 9 470 1 1
25 1 2 2 1 1 0
27 1 2 1 2 2 0
31 1 2 13 2 1 1
23 3 2 0 0 2 0
52 1 2 7 1 2 1
29 1 2 6 22 1 1
40 3 2 10 5 1 1
49 3 1 0 1 1 0
49 3 2 8 24 1 0
24 1 2 3 0 1 1
41 1 2 7 2 2 0
27 1 1 3 1 2 1
40 1 2 1 0 1 1
47 3 2 0 1 2 1
20 3 1 0 0 1 1
21 1 2 2 36 2 1
44 1 2 8 10 2 1
41 3 2 0 0 2 0
31 1 2 5 1 2 1
42 4 2 1 1 2 0
67 1 1 0 2 1 0
42 3 2 1 0 2 0
25 1 2 0 34 1 0
27 4 2 6 1 1 1
43 6 2 2 1 2 0
23 3 2 6 6 1 1
27 1 2 13 1 1 1
23 1 2 2 1 1 0
33 3 2 2 2 1 0
41 3 2 0 1 2 0
31 3 1 1 1 1 0
21 1 2 2 29 1 1
53 1 2 5 298 1 0
36 1 2 1 0 2 0
58 3 2 10 0 2 0
62 3 2 0 3 1 0
25 3 2 4 1 1 0
51 1 2 15 34 1 1
46 3 2 2 8 1 0
28 1 2 4 1 2 1
24 3 2 2 2 1 1
32 3 2 6 0 1 0
23 1 2 2 1 1 1
58 3 1 0 0 2 0
59 1 2 8 9 1 1
20 1 2 0 1 1 1
57 3 2 0 0 2 1
37 3 2 1 0 1 1
43 1 2 0 1 1 1
36 1 1 1 1 2 0
59 3 2 0 0 2 0
35 3 2 4 31 1 1
29 1 2 5 3 1 1
21 1 1 0 1 2 0
28 3 2 0 2 2 0
34 1 2 5 3 2 1
42 1 1 16 24 1 0
21 1 2 3 1 1 1
69 1 2 1 1 1 1
49 3 1 1 0 2 0
24 3 1 0 1 2 0
27 1 2 4 34 1 1
55 1 1 1 2 2 0
24 1 2 7 3 2 1
21 3 2 1 1 1 0
28 3 2 0 37 1 1
34 1 2 4 0 2 0
27 1 2 2 2 1 0
37 1 2 12 52 2 0
23 3 2 0 0 1 0
27 1 2 5 1 1 1
50 1 2 1 1 1 0
22 1 2 1 3 1 0
43 1 2 1 32 1 1
29 3 2 0 1 2 1
50 4 1 1 1 1 1
61 3 2 1 4 1 1
34 1 2 1 23 1 0
31 1 2 16 1 1 1
21 3 2 0 0 1 0
23 1 2 1 7 1 1
45 6 2 1 1 1 0
24 1 2 1 14 2 1
30 1 2 1 0 1 0
32 1 2 17 113 1 1
61 3 2 0 6 2 0
27 3 2 3 3 2 0
41 4 2 2 1 2 0
60 3 2 0 1 2 0
23 1 2 1 4 2 0
40 3 2 0 1 2 0
30 3 2 0 6 1 0
20 1 1 0 1 1 0
48 2 2 0 3 1 0
24 1 2 0 1 2 1
30 1 2 5 1 2 0
20 1 1 0 0 2 1
25 1 2 0 2 2 0
38 3 2 0 0 2 0
29 1 2 0 1 1 1
38 3 1 1 16 2 1
27 1 2 1 1 1 0
21 3 2 0 1 2 1
24 1 2 1 141 1 0
53 3 2 3 198 1 1
36 3 2 4 1 1 1
64 1 2 8 1 2 1
23 1 2 0 1 2 1
26 3 2 3 0 2 0
48 3 2 0 33 1 0
27 6 2 6 1 1 1
21 1 2 0 1 1 0
20 1 2 0 2 1 1
37 1 2 17 46 2 0
51 3 2 8 1 1 1
47 3 2 2 1 1 1
27 1 2 2 40 1 1
45 1 2 16 1 1 0
41 3 2 0 1 1 1
31 3 2 3 2 2 1
28 2 2 9 37 1 0
39 3 2 1 1 1 0
33 3 2 0 1 1 0
21 1 1 1 1 1 1
48 2 2 0 9 2 0
27 1 2 3 38 2 0
24 4 2 0 32 1 0
24 3 1 0 0 2 0
29 1 2 3 1 2 1
21 3 2 0 1 1 1
31 3 1 14 1 1 0
32 4 2 1 3 1 0
62 3 2 0 1 2 0
39 3 2 3 1 1 1
56 3 2 2 16 2 0
28 1 2 6 1 1 0
26 1 1 6 3 1 1
24 1 2 5 7 1 1
51 4 2 0 0 2 0
51 4 2 1 3 1 0
28 1 2 7 2 1 0
36 1 1 1 1 2 0
38 3 1 0 1 2 0
23 1 2 1 1 1 0
28 3 2 5 26 2 1
29 3 1 7 8 1 1
38 6 1 0 1 1 0
29 1 2 0 2 2 0
34 2 1 1 2 1 0
29 1 2 11 2 1 1
34 1 2 8 1 2 0
26 1 2 6 2 1 1
58 1 2 0 2 1 0
37 4 2 6 24 1 1
48 3 2 0 1 2 1
30 1 2 1 1 1 1
44 1 2 0 3 1 0
36 3 2 5 4 1 0
29 1 1 11 23 1 1
23 6 1 0 1 2 0
53 1 2 3 6 1 1
35 1 2 8 9 2 0
39 3 1 3 1 1 0
21 4 2 1 55 1 1
26 3 1 2 33 1 1
26 1 2 10 1 1 1
28 1 2 8 1 2 1
21 3 1 3 1 2 1
37 1 2 8 14 1 0
22 1 2 12 35 1 1
28 1 2 12 76 1 1
56 3 1 0 1 2 0
30 3 2 0 0 1 0
27 1 2 2 3 1 0
29 6 2 0 2 1 0
27 3 1 6 1 1 0
43 1 2 15 1 2 1
53 1 1 5 2 1 0
27 1 2 6 1 1 1
26 1 2 6 2 2 0
24 3 1 1 1 1 0
30 1 2 0 0 1 0
56 6 2 6 2 1 1
26 1 2 4 1 1 0
24 1 2 3 0 2 1
30 4 2 6 1 2 1
54 1 2 4 2 1 0
23 4 2 0 1 1 1
25 6 2 1 68 1 1
36 1 1 13 33 1 1
21 1 2 1 1 1 1
26 3 2 10 1 1 1
26 3 2 10 1 2 1
45 3 2 0 1 1 0
47 3 2 1 1 2 0
31 1 2 2 2 1 0
21 1 2 0 2 1 1
28 1 1 1 1 2 1
29 3 2 9 2 1 1
28 1 2 2 1 1 0
25 3 1 1 1 2 1
22 1 2 0 1 1 1
21 1 1 0 1 1 0
48 3 2 0 68 1 1
25 1 2 4 170 1 1
37 1 2 7 1 1 0
31 3 2 5 0 1 1
56 6 2 0 7 2 0
24 1 2 0 1 2 0
30 1 2 15 94 1 1
47 3 2 5 5 2 0
66 3 2 2 57 2 0
51 1 2 21 449 1 1
76 2 2 0 2 1 0
28 3 1 3 0 1 1
35 1 2 1 1 2 0
44 6 2 6 3 1 1
38 4 2 7 1 1 1
24 1 2 0 2 1 0
36 3 2 0 1 1 0
20 4 2 0 25 1 1
21 1 2 0 1 1 1
27 1 2 7 35 1 1
28 1 2 18 0 1 1
52 4 2 0 1 2 1
39 3 2 16 35 1 1
19 1 2 0 1 1 1
40 1 2 2 1 1 0
30 3 2 5 3 1 1
28 3 2 0 1 1 1
27 3 2 0 2 2 0
23 4 2 3 3 1 1
25 1 2 7 18 1 0
24 1 1 0 1 1 0
44 3 2 0 4 1 0
44 1 2 0 1 1 0
23 1 1 0 1 2 0
31 3 1 2 1 1 1
27 1 2 0 0 1 0
26 3 1 1 0 1 1
57 1 2 16 12 2 1
55 3 2 0 1 1 0
36 3 1 7 7 1 1
30 1 2 18 1 2 1
34 1 2 0 33 1 1
24 1 2 1 1 1 0
21 6 2 0 2 1 1
42 1 2 7 1 1 0
34 3 1 12 3 1 1
30 4 2 3 2 2 0
40 3 2 6 1 1 0
30 6 2 13 1 1 1
31 3 2 3 0 2 1
27 3 2 1 31 2 0
22 4 2 0 1 1 1
37 1 2 3 81 2 0
25 1 2 1 0 1 0
45 3 2 2 8 1 0
22 4 2 1 18 1 1
31 3 2 1 1 1 0
23 1 2 0 4 1 0
21 1 2 0 2 1 0
28 1 2 6 5 2 1
35 1 2 0 1 1 0
29 1 2 4 2 1 1
23 1 2 2 1 1 1
28 1 2 7 1 1 1
34 3 1 0 2 2 1
32 3 1 5 5 1 0
25 1 2 2 1 1 0
34 3 2 15 1 1 0
47 1 2 4 1 1 1
30 1 1 4 1 1 0
22 3 2 0 1 2 1
47 1 1 7 1 1 1
37 3 2 3 242 1 0
37 1 2 8 1 2 0
26 1 2 7 3 1 1
31 3 1 0 4 2 0
20 3 2 0 1 1 1
22 1 2 0 50 1 1
33 1 2 14 2 1 1
30 1 2 1 1 2 0
27 3 2 5 6 1 1
24 1 2 2 2 2 1
20 6 1 1 1 2 0
29 1 2 0 1 2 0
24 3 2 0 2 1 0
36 1 1 1 1 1 0
23 1 2 0 1 2 1
21 1 2 1 1 1 1
29 1 2 6 1 1 1
25 4 2 10 8 1 1
22 4 1 1 1 1 0
29 1 2 4 1 2 0
26 1 1 0 6 2 0
50 3 1 7 8 2 1
32 1 2 1 99 1 0
45 4 2 0 1 1 0
30 1 2 1 84 1 0
25 1 2 0 1 1 0
44 3 1 10 6 1 1
58 1 2 0 1 1 1
24 1 2 5 0 1 0
20 1 2 1 1 1 1
29 3 2 0 1 2 1
21 3 2 1 1 1 0
46 3 1 1 30 1 0
29 1 2 17 15 1 1
30 1 2 0 1 1 1
55 1 2 8 2 1 1
47 3 2 2 28 2 0
30 1 2 13 475 1 1
24 1 2 4 1 1 1
45 3 2 0 2 1 1
26 1 2 2 2 2 0
42 3 1 0 1 2 0
34 1 2 1 2 2 0
21 1 2 0 1 2 1
69 3 1 2 0 2 0
24 3 2 5 6 1 1
45 1 2 1 1 2 0
25 1 2 8 1 2 1
52 1 2 2 11 2 0
30 3 2 0 1 1 0
26 4 1 0 0 2 0
34 6 2 0 1 1 1
38 1 2 2 10 2 1
23 1 2 4 1 1 1
30 4 2 0 0 2 0
22 1 1 0 1 1 0
35 1 2 6 1 1 0
24 1 2 0 1 1 1
35 1 2 1 64 2 0
25 1 2 2 1 1 0
58 3 2 3 0 2 0
27 1 2 7 2 1 1
24 1 2 6 46 1 1
33 3 2 2 0 2 0
44 3 2 4 1 1 0
30 1 2 3 2 1 0
39 4 1 2 7 1 0
28 3 2 0 1 1 0
34 1 2 1 1 1 0
26 1 2 1 4 1 1
23 1 2 0 2 1 0
29 3 2 11 49 1 1
31 1 2 0 1 2 0
38 6 2 1 1 1 0
30 1 2 14 64 1 1
21 3 2 2 78 1 1
44 1 2 0 1 1 0
52 1 2 0 1 1 0
30 1 2 6 1 1 1
31 1 2 9 1 1 1
21 1 1 2 12 1 0
77 3 2 1 3 2 0
61 3 2 4 119 1 0
41 1 1 0 1 2 0
24 3 1 0 1 2 0
34 1 1 5 1 1 0
27 4 2 1 1 1 0
25 1 2 6 1 2 1
30 1 2 1 1 1 0
59 4 2 0 2 1 0
55 3 2 1 1 1 1
32 3 2 0 5 1 1
53 1 2 5 2 2 0
50 3 2 1 1 2 0
26 6 2 1 2 1 1
21 4 2 2 1 1 1
36 1 2 7 1 1 1
35 1 2 16 191 1 1
25 3 1 0 2 2 0
31 3 1 2 117 2 0
26 1 1 1 2 1 0
25 3 2 0 1 2 0
32 1 2 0 0 2 0
40 3 2 5 1 1 0
35 1 2 0 1 1 0
27 1 2 2 4 1 0
33 1 2 12 3 1 1
36 2 2 1 41 1 0
30 3 2 2 0 1 0
30 1 2 0 4 1 0
41 1 2 19 220 1 0
29 3 1 0 0 1 0
25 3 2 0 0 1 0
50 3 2 0 3 1 0
35 3 2 4 170 1 0
37 1 2 17 2 1 1
43 1 2 4 26 1 1
29 3 2 12 39 2 1
61 3 1 0 1 1 0
22 1 1 4 2 1 1
27 3 2 2 1 1 1
34 1 1 1 16 2 0
24 6 2 0 1 1 0
20 1 1 0 1 2 1
30 1 2 0 1 2 0
43 1 1 0 1 2 0
51 3 2 4 1 1 1
37 4 2 9 2 1 0
42 1 2 7 2 1 1
29 4 1 1 1 1 0
24 3 1 0 0 2 0
36 3 2 12 13 1 0
39 3 2 0 3 1 1
32 1 2 2 1 2 0
38 1 2 0 0 2 0
27 1 1 8 3 1 0
30 3 1 0 3 1 1
43 3 1 0 1 2 1
30 1 2 8 1 2 1
26 3 1 1 1 2 0
37 3 2 3 39 1 0
25 3 2 5 1 1 1
65 3 2 1 1 1 1
52 6 2 0 7 1 1
29 3 2 1 1 1 0
32 3 2 3 121 1 0
36 4 2 0 1 2 1
21 1 2 8 244 1 1
21 3 2 1 1 1 0
47 3 2 13 66 2 1
36 1 1 4 1 1 0
25 1 1 6 12 1 1
32 3 2 4 1 2 1
43 3 2 1 1 1 0
27 1 2 2 132 1 0
26 1 2 8 26 2 1
21 1 2 1 22 1 0
34 2 2 0 1 2 0
46 4 2 1 1 2 0
40 1 2 23 32 2 1
38 3 2 3 1 2 0
41 1 2 7 58 1 0
25 3 2 7 43 1 1
21 3 2 1 11 1 0
74 3 1 0 0 2 0
41 3 2 5 1 2 1
27 4 1 0 0 2 0
30 1 2 1 2 2 0
33 3 1 3 2 1 1
24 3 2 2 0 2 0
52 2 2 0 1 1 0
29 3 1 0 0 2 0
42 3 1 0 2 1 1
30 3 1 1 0 1 0
33 1 2 0 45 1 0
38 4 2 1 4 1 0
21 1 2 2 8 1 1
41 3 1 9 1 2 1
28 1 1 5 2 2 0
52 1 1 3 0 1 0
21 4 2 1 1 1 0
22 4 1 1 2 1 0
32 4 2 3 0 1 0
25 1 2 0 90 1 1
27 1 1 0 1 2 0
35 3 2 0 1 1 0
40 1 2 2 1 2 0
29 6 1 0 48 1 0
24 1 2 2 24 2 1
24 1 2 10 0 1 1
36 4 2 26 118 1 1
26 4 2 5 1 1 0
50 3 2 1 9 1 0
21 1 2 1 1 1 1
51 4 2 0 1 2 0
24 1 2 2 1 1 1
29 1 2 3 1 2 0
25 3 1 0 1 2 0
38 1 2 0 1 1 1
46 3 2 1 11 1 0
33 1 2 9 15 2 1
31 4 2 19 1 1 1
21 6 2 0 4 2 0
60 6 2 1 1 2 1
39 1 1 3 1 1 1
35 1 2 4 11 1 0
49 3 2 12 3 1 1
26 6 2 1 1 2 0
27 3 2 0 2 2 0
22 1 2 2 1 1 0
29 1 1 0 1 1 1
31 1 2 0 2 2 0
31 4 2 5 37 1 1
29 4 1 0 0 1 0
65 3 1 0 1 1 0
34 4 1 1 4 2 0
24 3 2 6 7 1 0
46 1 2 0 1 2 0
20 1 2 0 0 1 1
29 1 2 16 33 1 1
29 1 2 7 2 1 0
56 3 1 3 1 1 0
21 1 2 0 1 1 0
40 1 2 0 4 1 1
22 1 2 2 55 2 1
39 3 2 0 1 2 0
22 1 2 1 0 1 1
27 6 1 5 2 1 1
36 3 2 1 0 1 0
30 1 2 0 2 1 0
36 1 2 0 2 2 0
32 1 2 0 2 1 0
34 1 1 5 26 1 1
23 6 2 0 1 2 0
52 3 2 0 1 2 0
20 3 2 1 13 1 1
38 1 2 5 6 2 0
46 3 2 0 0 2 0
27 1 2 0 9 1 1
20 1 2 2 16 1 1
29 3 1 1 1 1 1
35 1 1 7 2 1 1
37 3 2 1 1 2 1
63 3 2 0 1 1 0
27 1 2 1 1 1 1
27 1 2 0 3 1 0
24 1 2 2 0 2 1
30 4 2 1 0 1 1
25 3 2 4 33 1 1
27 1 2 0 1 2 0
48 1 1 0 10 2 0
26 1 1 1 1 2 0
58 6 2 0 0 1 0
23 3 2 1 19 1 1
22 3 2 3 0 2 1
41 1 2 0 4 1 0
21 1 2 0 1 1 0
26 6 2 0 1 2 0
39 1 1 3 2 2 0
46 3 2 0 1 2 0
33 6 2 7 116 1 1
36 1 2 2 47 1 1
20 5 2 1 5 1 1
32 3 2 0 1 2 0
38 1 2 17 1 2 1
64 4 2 1 1 2 0
22 1 2 1 5 1 1
69 3 2 0 3 2 1
26 1 2 2 1 1 0
27 1 1 1 16 2 1
22 1 2 2 1 1 0
43 3 1 0 1 1 0
55 3 1 0 1 2 0
34 4 2 0 77 2 0
20 1 2 1 2 1 0
22 1 2 1 1 2 1
33 3 2 9 49 1 1
55 3 2 7 0 1 0
22 1 2 1 2 1 0
55 1 2 1 9 1 0
43 3 1 0 1 1 1
21 1 2 0 7 1 1
23 1 2 0 1 1 0
28 3 1 1 1 2 0
45 6 2 0 1 1 0
39 1 2 1 14 1 0
79 3 2 1 1 2 0
48 3 2 1 1 1 0
20 4 2 2 31 1 1
31 1 2 5 1 2 0
30 3 2 4 1 2 1
32 1 2 5 1 1 1
56 3 2 1 4 2 0
43 1 2 2 2 2 0
20 4 2 0 1 1 0
27 1 2 21 35 1 1
41 1 2 0 3 2 0
24 6 2 1 1 1 0
43 1 2 3 1 2 1
33 1 1 1 1 1 0
22 1 2 0 9 1 0
34 1 2 3 1 1 0
36 3 2 0 0 2 0
69 3 2 0 1 1 0
32 3 2 5 1 1 1
22 1 2 1 0 1 1
46 3 2 0 79 1 0
34 3 2 1 1 2 0
32 4 1 0 10 2 0
39 1 2 0 1 2 0
25 1 2 6 2 2 1
21 4 1 0 1 2 1
63 1 2 9 2 1 1
24 3 2 8 1 1 1
29 3 2 2 2 2 0
20 1 2 3 0 1 1
40 3 1 0 3 2 0
30 1 2 7 0 1 1
50 3 2 5 5 1 0
37 1 2 4 75 2 1
34 1 2 1 0 1 0
35 4 1 0 1 1 0
31 1 1 1 2 2 1
23 3 2 10 70 1 0
22 4 2 0 33 1 1
37 3 2 2 5 1 1
20 6 2 0 1 1 0
26 3 2 2 1 1 0
34 1 2 12 12 1 1
59 3 2 2 1 2 1
37 3 2 2 12 2 0
38 6 2 0 1 1 1
45 3 2 1 5 1 1
22 1 2 1 36 1 0
24 1 2 3 35 1 1
25 1 2 5 37 1 0
24 1 2 6 1 1 1
20 1 2 1 1 2 1
32 3 1 2 1 1 1
49 1 2 3 1 1 1
31 3 2 11 1 1 1
58 3 2 7 186 1 1
50 4 2 2 1 2 0
26 1 2 11 1 1 1
20 1 2 1 3 1 0
51 3 2 1 2 2 1
30 1 2 2 18 2 0
39 6 2 0 3 2 0
26 1 2 2 33 1 0
20 6 2 0 1 2 0
26 3 1 0 1 1 0
26 1 2 5 3 1 0
20 3 2 0 1 1 0
28 1 2 0 15 1 1
23 1 2 1 1 2 1
21 1 1 0 1 2 0
25 6 2 0 1 1 1
30 3 2 0 2 1 0
21 3 2 2 0 1 1
20 3 2 1 40 1 1
24 3 2 5 19 1 1
35 1 2 22 2 1 1
27 6 1 0 3 1 1
50 3 2 2 9 1 1
25 1 2 5 2 2 0
31 1 2 12 40 2 1
26 1 2 0 1 1 0
22 1 2 0 1 1 0
29 1 2 0 0 1 0
33 6 2 2 1 1 1
52 3 2 1 1 1 0
37 4 2 0 1 2 1
21 1 2 0 1 1 0
21 3 2 1 0 1 0
20 3 1 0 2 1 1
43 4 2 1 1 2 1
30 3 2 1 1 1 1
33 1 1 3 5 2 1
24 1 2 3 93 1 0
52 4 1 0 1 2 1
30 1 1 11 6 1 1
30 3 1 0 1 2 0
47 1 2 13 0 1 1
41 1 2 9 2 2 0
21 4 2 4 1 1 1
48 3 2 6 6 1 0
52 1 2 2 33 1 1
34 1 1 1 1 2 0
35 3 2 0 1 1 1
25 6 2 1 2 1 1
24 1 2 1 1 1 1
25 1 2 1 0 2 0
34 1 2 20 27 1 1
25 1 2 2 1 1 1
24 4 2 4 1 1 1
56 3 2 6 1 1 0
23 1 2 0 0 1 0
21 3 2 0 1 2 0
66 3 2 0 2 2 0
28 1 2 7 1 2 0
29 3 2 0 0 2 0
22 3 2 3 2 1 1
39 3 2 0 1 1 0
33 1 2 9 1 2 1
29 3 2 2 1 1 1
31 3 2 1 1 1 0
22 1 2 0 54 2 0
22 3 1 0 1 2 0
35 3 2 3 1 1 0
29 3 2 3 1 1 1
56 3 2 1 1 1 0
34 1 1 0 1 1 0
23 1 2 1 4 1 1
27 1 2 1 1 1 1
43 3 2 2 1 1 0
38 3 2 0 1 1 0
39 3 2 3 1 1 0
24 1 2 1 1 1 1
26 1 2 2 0 2 0
55 3 1 0 2 2 0
35 1 2 1 1 1 1
61 1 2 25 1 1 0
33 6 2 0 11 2 0
40 3 2 4 1 1 0
33 1 2 3 0 1 0
26 3 2 0 1 1 1
32 3 2 15 91 1 1
28 1 2 0 1 1 0
45 3 2 0 1 2 0
30 3 2 0 37 1 1
57 3 1 4 258 1 0
26 1 2 3 47 1 1
35 1 2 1 1 1 0
54 4 2 0 2 1 0
29 1 1 0 3 1 0
40 3 1 0 1 2 0
28 3 2 1 1 1 1
25 1 1 0 1 2 0
44 1 2 3 3 2 0
23 3 2 4 1 1 1
29 1 2 0 73 1 0
56 3 2 0 0 2 0
27 1 1 0 1 2 0
29 3 1 0 1 2 0
34 3 1 4 1 2 0
22 1 1 0 0 1 0
40 3 2 5 1 1 1
31 3 2 0 3 1 0
47 1 2 3 2 1 0
24 1 2 8 50 1 1
39 1 2 4 119 1 0
29 1 2 10 1 1 1
30 4 2 2 6 1 0
26 1 1 4 1 1 1
61 1 2 2 1 2 0
37 4 2 3 0 2 0
38 6 2 1 1 1 1
30 1 2 0 1 2 0
20 1 2 0 1 2 1
56 1 2 22 71 1 1
50 3 1 3 0 1 1
47 6 2 0 2 1 0
30 1 2 10 1 1 1
59 1 2 1 63 2 0
20 1 2 1 187 1 1
23 3 2 4 2 2 1
28 3 1 2 0 1 1
50 4 2 3 34 1 1
35 3 2 3 1 2 1
22 1 2 1 5 1 1
41 4 1 0 1 1 0
22 1 2 0 2 1 0
61 1 2 8 1 1 1
26 1 2 5 1 1 0
44 3 2 1 2 1 0
34 1 1 0 1 2 1
29 3 2 1 1 1 1
29 1 2 8 5 2 0
48 1 2 5 1 1 1
31 1 1 0 4 2 0
21 3 2 2 1 1 0
34 3 2 4 1 1 0
54 1 2 21 1 1 0
20 3 2 4 1 1 0
31 3 2 1 36 1 1
22 3 2 0 1 2 0
36 1 2 6 1 2 0
34 1 2 9 1 1 1
50 1 2 15 1 2 0
47 5 2 22 3 1 1
49 6 1 0 1 2 0
31 1 2 1 1 2 0
49 1 2 10 10 1 1
21 1 2 2 36 1 0
26 1 1 5 1 1 1
29 6 2 0 1 1 0
61 4 2 0 1 1 0
25 3 1 2 1 1 1
38 3 2 5 1 1 0
35 3 2 2 1 2 0
55 6 2 8 6 1 1
32 1 2 4 45 1 1
29 3 2 1 3 1 0
46 3 2 0 0 1 0
53 3 2 1 1 2 0
27 3 1 1 26 1 1
29 3 2 4 1 1 0
26 6 2 0 2 1 1
23 1 2 3 1 2 1
43 4 2 3 2 2 1
24 3 2 1 1 2 0
33 1 2 18 1 1 1
32 1 2 1 22 2 1
38 1 1 7 39 1 1
40 1 2 20 1 1 0
36 1 1 1 1 2 0
34 1 2 16 1 1 1
41 3 2 1 2 2 1
57 3 2 7 152 1 0
26 1 2 1 1 1 0
45 1 2 0 1 1 1
26 1 2 2 7 1 0
48 3 1 0 1 1 0
52 3 2 7 1 2 0
22 4 2 2 32 1 1
43 1 1 0 1 2 0
24 3 2 3 36 1 0
27 1 2 11 5 1 1
23 4 2 2 23 1 0
28 1 2 2 1 1 1
21 1 2 0 0 1 0
33 1 2 5 1 2 1
25 1 2 1 1 1 1
36 1 2 17 15 1 1
25 3 1 0 1 1 0
46 3 2 0 1 2 0
24 1 1 0 2 1 0
28 1 2 4 6 1 1
28 1 2 12 1 2 1
23 1 2 0 1 2 1
24 6 2 0 0 2 0
40 4 2 0 0 2 0
36 4 2 1 0 2 0
50 3 2 1 40 2 1
24 3 2 0 1 2 0
55 1 1 2 1 1 0
22 1 2 0 3 1 1
38 1 2 14 56 1 0
31 1 2 1 1 1 0
30 1 1 3 1 1 0
37 1 2 16 2 1 1
41 3 1 1 29 2 0
20 1 2 0 1 1 1
21 3 2 0 1 2 1
22 3 2 1 9 2 0
38 1 2 7 198 2 0
31 1 2 0 8 1 0
28 3 2 0 54 1 0
21 4 2 2 3 1 1
39 1 2 1 1 1 0
34 1 2 22 1 1 1
45 4 2 0 1 2 0
24 1 2 0 15 2 1
27 1 2 9 1 1 1
30 4 2 0 0 1 0
43 1 2 2 1 1 0
26 1 2 1 1 1 0
32 1 2 7 5 1 0
57 3 1 2 1 1 0
40 3 1 0 0 2 0
33 3 2 6 152 1 1
30 1 2 2 1 1 1
29 3 2 1 11 2 0
36 1 2 2 0 2 0
35 1 2 6 1 1 1
49 4 2 0 1 2 0
26 4 2 5 0 1 1
21 1 2 2 8 1 1
49 1 2 29 1 1 1
37 1 1 23 0 2 1
33 4 2 0 1 2 0
29 1 2 3 0 1 1
25 1 2 1 1 1 1
20 1 2 2 33 1 1
55 1 2 5 301 1 0
26 3 2 0 1 2 0
52 3 1 6 7 1 0
52 1 2 16 1 1 1
27 4 2 1 2 1 1
60 3 2 2 11 2 0
44 3 2 0 2 2 0
30 4 2 1 17 1 0
25 1 1 2 1 2 0
20 3 1 4 3 1 1
28 3 2 3 37 1 1
22 3 2 1 12 1 0
24 3 2 1 1 1 1
28 1 1 0 191 1 0
35 1 2 10 23 1 1
30 3 2 0 0 2 0
22 1 2 0 7 1 1
39 1 2 9 0 1 0
46 6 1 1 1 1 0
47 6 2 3 4 2 0
26 1 2 5 324 2 0
23 1 1 0 25 1 0
52 1 1 0 0 1 1
22 1 1 0 1 2 1
54 3 2 0 2 1 0
50 1 2 2 31 2 0
20 1 2 2 1 1 1
25 3 2 1 1 1 0
46 3 1 0 0 1 0
22 3 2 0 1 2 0
38 3 2 10 0 1 1
36 4 1 9 1 1 1
34 1 1 5 9 1 1
18 1 2 4 24 1 1
26 3 1 3 1 1 1
23 3 1 0 12 1 0
32 4 1 8 7 2 1
44 3 2 1 0 2 1
53 3 2 9 118 1 1
27 1 2 4 1 1 1
25 3 2 2 0 1 0
19 3 2 1 8 1 1
53 3 2 0 11 1 0
39 1 2 0 1 2 0
37 6 2 2 51 1 1
27 1 2 6 0 1 1
21 1 1 2 1 1 1
24 1 1 7 1 1 0
33 3 2 0 1 2 0
24 3 1 1 1 2 0
46 3 2 1 1 1 0
32 4 2 7 1 1 0
24 4 2 2 9 1 0
38 3 1 0 3 1 0
30 1 2 13 3 1 1
26 1 2 27 10 2 1
57 3 2 2 9 1 0
43 3 2 0 2 1 0
22 1 2 0 0 2 0
28 1 1 9 12 2 1
51 3 2 3 7 1 0
41 4 2 3 1 1 0
24 3 2 1 1 1 0
48 1 2 3 1 1 1
26 3 2 0 2 2 1
31 1 2 6 1 1 1
27 1 2 6 1 2 0
25 1 2 0 1 2 0
56 3 2 3 0 2 0
29 1 1 1 2 2 0
30 3 1 3 0 1 1
21 1 2 0 2 1 0
22 3 2 1 1 1 1
28 1 1 0 1 2 0
35 1 2 2 0 1 0
23 3 2 0 1 1 0
48 1 2 4 0 1 0
22 3 2 4 3 2 1
37 1 2 2 170 1 0
33 1 2 0 1 1 0
23 1 2 5 2 1 1
22 1 2 0 1 2 1
24 1 2 0 1 1 0
44 1 2 2 5 2 0
26 1 1 0 1 2 0
29 1 2 2 2 1 0
26 4 2 0 1 1 0
30 3 2 1 1 2 0
23 1 2 1 4 1 1
42 6 2 1 1 1 0
28 1 1 0 2 1 1
20 1 2 0 11 1 0
24 3 1 7 1 2 0
36 6 1 6 0 1 1
37 1 2 6 1 1 1
21 1 1 1 4 1 0
27 1 2 8 26 1 1
26 1 2 2 1 1 1
42 3 2 0 6 2 0
23 1 2 8 3 1 1
55 3 1 0 1 2 0
24 3 2 1 4 1 1
23 1 2 0 1 2 0
64 1 1 0 4 1 0
48 6 2 0 2 2 0
39 1 1 0 58 1 1
30 3 2 0 1 2 0
22 1 1 1 0 2 0
20 1 2 2 58 1 1
21 1 2 0 4 1 1
24 3 2 0 0 1 0
30 1 2 3 206 2 0
51 1 2 12 152 1 1
21 1 2 1 2 1 1
31 1 2 1 1 1 0
23 1 2 2 4 2 1
23 4 2 0 1 2 0
32 1 2 4 1 1 1
28 1 2 11 2 1 1
24 1 2 0 1 1 0
19 1 1 1 2 1 1
31 6 2 1 1 2 0
29 1 2 3 0 1 1
41 1 2 6 39 1 1
28 1 2 4 34 2 1
29 3 2 6 1 1 1
49 3 2 0 1 1 0
42 3 2 0 0 2 0
38 1 2 4 1 2 0
22 1 2 3 16 1 1
46 3 2 0 38 2 1
38 1 2 0 1 1 1
36 1 2 0 1 1 0
22 3 2 6 1 1 1
29 1 2 11 1 2 0
39 1 2 2 1 2 0
47 3 2 0 3 2 0
26 1 2 7 2 1 1
21 1 1 0 4 1 1
63 1 2 2 2 2 0
27 1 2 2 1 1 1
55 3 2 27 2 2 0
54 6 2 2 1 2 1
26 3 2 0 2 1 1
37 3 2 1 1 2 0
34 1 2 0 1 1 0
48 4 1 4 1 1 1
25 1 2 2 50 1 1
57 6 2 0 1 1 0
21 4 2 0 2 1 1
32 1 2 8 1 1 0
25 1 1 5 1 1 1
33 1 1 2 2 1 1
26 1 2 2 22 1 1
29 1 2 2 3 2 0
28 3 2 6 2 2 1
53 1 2 20 3 1 0
57 4 2 1 1 2 0
27 3 2 0 44 1 0
48 3 2 0 1 1 0
29 4 2 0 3 2 1
25 3 2 1 3 2 1
67 3 2 0 2 1 0
29 1 2 2 0 2 0
53 1 1 3 2 1 0
49 1 2 0 1 1 0
44 3 1 0 1 2 0
55 4 1 0 1 1 0
26 1 2 10 2 1 1
46 1 2 0 1 2 0
30 3 2 1 1 1 1
48 1 1 0 10 1 1
77 1 2 1 2 2 1
21 1 2 2 1 1 1
54 1 2 4 3 1 1
54 3 2 3 1 1 0
26 1 2 15 43 1 0
23 1 2 8 255 1 1
39 3 2 2 18 1 0
35 4 2 13 4 1 0
29 1 2 1 1 2 1
30 1 2 9 1 2 1
41 1 2 6 6 1 0
32 1 2 1 115 2 0
48 1 2 12 0 2 0
52 1 2 0 4 2 1
31 1 2 3 0 1 1
22 3 2 1 1 1 1
46 3 1 0 0 2 0
29 1 2 7 1 1 1
22 1 1 0 1 1 0
39 1 2 8 40 1 0
35 1 2 9 1 1 0
26 1 2 1 14 2 0
27 1 2 1 0 1 0
27 1 2 5 28 1 1
34 3 1 10 14 1 1
32 1 1 0 0 2 1
25 1 2 5 5 1 1
22 3 2 2 25 2 1
52 1 2 7 118 1 1
21 1 2 2 1 1 1
28 1 2 11 2 1 1
26 4 2 0 0 1 0
23 3 2 4 8 2 1
31 1 2 1 1 2 0
34 3 2 1 1 2 0
32 1 2 0 1 2 0
50 3 1 0 0 2 1
27 1 2 1 1 2 0
26 1 1 4 2 1 0
27 1 2 4 2 1 1
29 3 2 0 1 1 1
58 1 2 0 1 2 0
27 1 2 14 2 1 1
28 1 2 5 0 1 1
24 1 2 15 2 1 1
50 3 2 0 1 2 0
30 1 1 15 0 1 1
46 4 2 0 1 1 0
43 3 2 0 1 1 1
24 3 2 0 1 1 1
34 1 2 10 1 1 0
26 3 2 2 3 1 0
31 3 2 0 1 1 0
23 1 2 1 22 1 1
39 1 2 0 18 1 0
50 1 2 4 1 1 1
22 1 1 0 1 2 0
25 1 1 0 1 2 0
21 1 1 2 1 1 0
20 3 2 1 1 1 0
54 1 2 12 118 2 1
27 1 1 2 4 1 1
45 3 2 5 1 1 1
34 1 2 13 1 1 1
55 3 1 0 1 1 0
24 1 2 0 1 2 0
20 1 2 0 0 1 1
37 1 2 5 6 2 1
34 3 1 1 1 2 0
41 1 1 2 24 1 1
21 1 2 1 1 1 1
22 1 2 3 9 1 1
24 1 2 0 1 1 0
42 3 2 8 1 1 0
23 1 1 0 1 2 1
20 3 2 0 4 2 0
44 3 1 0 1 1 1
20 1 2 0 1 2 0
27 1 2 5 1 2 0
20 3 2 0 1 2 1
20 1 2 0 0 1 0
28 3 2 1 30 1 1
29 1 2 9 5 1 1
21 1 2 0 2 1 1
24 1 1 2 58 1 1
21 6 2 0 0 1 1
24 1 1 0 0 1 0
23 1 2 3 6 1 1
27 3 2 0 12 1 0
24 3 2 0 1 1 0
31 1 2 6 49 2 1
22 1 2 0 5 1 1
54 3 2 0 0 1 0
35 1 1 7 2 1 1
53 1 1 0 1 1 0
26 1 2 9 2 2 1
48 1 2 7 4 2 1
56 1 1 2 1 2 1
25 1 2 6 0 1 1
49 3 1 0 0 1 0
34 3 2 0 30 2 1
21 1 2 0 1 2 1
23 3 2 0 2 1 1
57 3 2 0 0 1 0
25 3 2 5 35 1 1
42 1 1 1 1 1 0
51 1 2 1 0 1 0
31 6 2 5 1 2 0
53 1 2 13 2 2 0
43 1 1 6 0 1 0
34 1 2 0 1 1 0
27 3 1 2 0 1 1
51 1 2 0 6 2 0
26 3 2 1 1 2 0
47 1 2 5 2 1 0
22 3 2 0 1 1 0
36 3 1 0 1 1 0
36 4 1 1 1 2 0
41 3 2 4 1 1 1
25 1 2 6 1 2 0
31 4 1 2 1 1 1
33 3 2 0 1 2 0
44 3 1 3 11 1 1
46 3 2 0 1 1 1
28 1 1 1 1 1 0
28 1 2 5 171 1 1
66 1 2 5 1 1 1
20 3 2 0 0 2 0
27 1 2 2 1 1 0
24 6 1 0 1 1 0
25 1 2 3 6 1 1
39 1 1 1 63 1 0
41 1 1 7 1 1 1
26 1 2 0 1 1 0
25 1 2 2 1 2 1
55 4 2 0 1 2 0
22 1 2 2 6 1 1
29 6 1 2 0 2 1
25 1 2 7 0 1 1
50 4 2 5 4 1 1
20 3 1 0 1 2 1
56 3 2 5 1 2 0
25 1 2 5 1 1 1
48 1 1 1 1 1 0
21 1 2 1 2 1 0
31 3 2 2 34 2 1
35 3 2 0 0 2 0
25 4 2 6 40 2 1
34 1 2 2 1 1 1
32 1 2 0 25 1 0
31 1 1 1 34 1 1
44 4 1 0 1 2 0
31 1 2 11 1 2 1
28 1 2 3 8 2 1
27 1 1 10 15 1 1
24 1 2 0 7 1 1
49 3 2 0 1 1 0
40 3 1 0 0 1 0
22 1 2 4 1 2 0
28 1 2 5 3 1 1
24 1 2 2 1 1 1
49 3 2 1 1 2 0
33 3 2 0 24 2 1
44 3 2 0 21 1 1
41 1 2 12 0 1 1
46 3 2 0 1 1 0
57 1 2 2 1 2 0
32 1 2 0 0 1 0
36 1 2 1 1 2 0
30 1 2 1 1 2 0
28 1 2 0 5 2 0
31 3 2 3 1 2 1
29 1 2 8 7 1 1
21 1 2 1 16 2 0
23 1 2 5 1 1 1
27 6 2 0 1 2 0
25 3 2 4 1 1 0
49 1 1 25 10 1 1
35 6 2 2 1 1 0
35 4 2 0 87 1 1
25 1 1 1 1 2 1
32 4 2 2 1 2 1
35 1 2 9 1 1 0
32 1 2 0 1 2 0
23 1 1 0 1 2 0
23 1 2 4 31 1 0
26 1 1 0 1 2 0
31 1 2 9 0 1 1
22 1 2 0 1 2 1
20 3 1 0 19 1 1
24 1 2 1 1 1 0
37 1 2 0 1 2 0
29 1 2 0 1 1 0
34 6 2 0 2 1 0
29 1 2 9 1 1 1
49 3 2 3 1 1 0
31 1 2 2 1 1 0
59 3 2 0 1 2 0
39 1 2 2 1 2 1
23 1 2 1 1 1 0
27 1 2 3 1 1 1
22 1 2 1 5 1 0
21 3 2 0 1 1 1
36 1 2 0 1 1 0
30 1 2 10 7 1 1
31 3 2 3 0 2 0
29 4 1 0 1 2 0
47 6 2 5 1 2 1
26 3 2 0 2 1 0
24 1 2 0 1 2 0
43 6 2 1 1 1 0
27 1 2 11 3 1 0
28 3 2 4 190 1 0
33 6 1 0 1 1 0
54 3 2 3 9 1 1
57 3 2 0 1 2 0
30 1 2 2 16 1 0
27 6 2 0 1 2 0
31 1 1 4 1 1 0
29 3 2 0 1 1 0
29 4 1 0 1 2 1
33 4 2 2 4 2 0
22 1 2 0 1 2 0
35 1 2 0 2 2 1
29 1 2 2 1 1 1
30 1 2 14 6 1 0
27 1 2 2 1 1 1
63 3 1 0 1 2 0
27 1 2 6 1 1 1
34 6 2 3 1 2 0
36 3 2 0 37 1 1
21 1 2 0 1 1 0
23 3 2 1 1 1 0
40 1 2 1 76 1 0
30 1 2 3 2 2 1
41 1 2 1 2 2 0
56 3 2 0 0 2 0
23 1 2 1 1 1 1
61 1 2 14 1 2 0
22 4 2 0 10 1 1
20 1 2 0 2 1 1
49 3 2 2 91 1 1
31 1 2 6 26 1 0
50 1 2 7 2 1 1
31 1 1 3 1 2 1
32 1 2 4 4 1 0
44 1 2 0 1 1 1
56 6 2 0 1 2 0
62 1 2 0 0 2 0
43 1 2 3 1 1 1
24 1 1 1 0 2 1
41 1 2 13 1 1 1
23 3 2 0 1 2 0
53 6 2 0 1 2 0
67 3 2 0 42 2 0
38 4 2 0 1 2 0
40 6 2 1 1 1 0
20 1 2 0 1 1 1
45 6 1 1 2 1 0
29 1 2 3 60 2 1
32 4 2 0 0 2 0
34 3 1 0 1 1 1
39 6 1 0 1 1 0
29 1 2 0 1 1 0
46 1 2 4 8 1 0
31 1 2 9 27 2 1
24 1 2 1 0 2 0
28 1 2 1 0 1 1
25 1 1 0 2 2 1
24 1 1 0 1 2 0
29 6 2 5 258 1 0
28 4 2 3 165 1 1
36 3 2 1 1 1 0
25 1 2 2 3 2 0
29 3 2 0 14 1 0
26 3 1 1 3 1 0
23 1 2 3 2 1 1
20 6 2 1 36 1 1
32 1 2 4 1 1 1
29 4 2 1 2 1 0
26 3 1 0 1 1 0
35 3 2 0 1 2 1
23 1 2 0 1 2 1
46 3 1 0 0 2 0
41 3 2 0 1 1 0
22 3 2 0 0 2 1
27 1 2 7 28 2 1
38 6 1 0 1 2 0
24 1 1 1 1 1 1
27 1 2 10 1 1 1
22 3 2 1 24 2 0
26 1 2 3 2 2 1
26 3 2 7 69 2 0
29 3 2 3 1 1 1
42 1 1 17 8 1 1
30 1 2 0 1 2 0
34 3 2 1 1 1 0
23 3 2 3 1 2 0
47 3 1 0 1 2 0
55 3 2 2 13 2 0
30 4 2 0 1 2 0
43 1 2 2 0 1 0
45 1 2 38 121 1 1
30 4 2 0 1 2 0
61 3 1 15 1 1 0
49 3 2 0 1 1 0
49 1 2 1 0 2 0
42 1 2 1 0 1 0
24 1 2 1 25 2 0
51 3 2 0 1 1 0
32 4 2 6 9 2 1
26 3 2 2 19 1 1
28 3 2 2 42 1 1
49 1 2 2 2 1 0
56 3 2 1 35 1 0
53 3 2 8 5 2 0
27 6 2 2 2 2 1
34 4 2 17 40 1 1
41 3 2 3 1 2 0
45 1 2 6 1 1 0
21 1 1 0 78 1 0
27 3 2 2 1 2 1
21 1 2 0 14 1 0
31 3 2 0 82 1 0
45 4 1 0 1 2 0
30 1 2 8 1 1 0
43 4 2 1 1 2 1
23 1 2 0 1 1 0
52 3 2 1 1 1 0
48 1 2 11 56 2 1
51 1 1 3 1 2 0
30 3 2 1 1 2 1
29 1 1 5 9 1 1
44 1 1 0 0 1 0
34 1 2 12 1 1 1
25 4 1 0 0 1 0
28 1 2 5 2 1 1
28 1 2 9 43 1 1
37 6 2 0 1 2 0
34 3 1 0 1 1 0
23 1 2 3 9 2 1
71 3 2 3 0 2 0
45 3 2 2 0 2 0
33 5 1 5 2 1 1
29 1 2 0 1 2 0
36 4 2 5 1 1 0
52 1 2 17 29 1 1
42 4 2 1 52 1 1
21 1 2 0 3 2 0
29 3 2 2 1 2 0
54 3 2 0 1 2 0
27 3 2 0 1 1 1
29 3 2 1 1 2 0
25 4 1 14 1 1 0
62 6 2 0 1 2 0
23 1 1 2 1 2 1
22 6 2 1 1 1 1
65 3 1 1 2 1 0
31 1 2 15 91 1 1
31 3 2 0 1 1 0
21 1 2 0 5 1 0
27 1 2 17 1 1 1
33 3 2 1 20 1 0
25 1 2 3 1 1 0
39 3 2 1 1 1 0
29 1 2 8 1 2 1
27 1 2 15 49 1 1
42 3 1 0 2 1 0
21 3 2 0 1 1 0
27 1 2 5 6 2 1
36 1 2 2 46 2 1
24 1 1 0 1 1 1
67 3 1 0 1 2 0
29 6 2 4 3 1 1
39 1 2 3 34 1 1
41 4 2 1 1 2 0
25 1 1 1 4 1 0
40 3 2 8 7 1 1
37 1 2 4 1 2 1
42 1 1 8 1 1 1
26 1 2 8 1 1 1
23 1 2 1 178 2 0
31 3 1 1 1 2 1
26 3 2 4 2 1 1
51 3 2 2 0 2 1
67 3 2 0 1 2 0
27 1 2 10 1 1 0
26 3 1 1 1 2 0
55 1 2 3 70 2 1
31 6 2 0 68 1 0
28 3 2 0 1 2 0
51 3 1 0 0 2 0
28 1 2 13 2 1 1
22 1 2 0 2 1 1
26 1 2 2 2 1 1
27 1 1 1 2 1 0
32 1 2 5 1 2 0
36 1 2 11 36 1 1
27 1 2 4 2 2 0
41 3 2 1 1 1 1
24 1 2 12 17 2 0
61 1 2 11 1 1 0
29 3 1 3 0 1 0
34 3 2 11 1 1 0
45 3 2 0 1 1 0
21 3 2 3 1 1 1
28 1 2 20 0 1 1
31 3 2 6 3 1 0
59 3 2 0 1 2 1
40 1 2 8 1 2 1
22 3 1 1 18 2 0
21 1 2 1 1 2 1
25 3 2 2 1 1 1
25 1 1 1 1 1 0
47 1 2 3 7 2 1
21 1 2 5 1 2 1
29 1 2 1 3 1 1
40 3 2 4 1 1 1
32 4 1 1 1 1 0
39 3 2 0 1 2 0
22 6 2 3 2 1 0
30 1 1 0 1 2 1
25 3 2 0 1 2 0
21 3 1 0 2 2 1
25 3 2 0 21 2 1
27 1 2 5 37 2 1
45 3 2 4 4 2 1
32 1 2 4 1 1 1
22 1 2 0 1 2 1
23 6 2 6 84 1 1
44 1 1 6 2 1 0
59 6 2 20 199 1 1
23 1 2 0 1 1 0
46 3 2 0 1 1 0
33 3 2 2 14 1 0
30 6 2 1 1 2 1
40 3 1 3 1 1 1
54 3 2 7 0 1 0
21 3 2 0 1 2 0
43 3 2 6 1 2 1
22 1 2 0 4 2 0
31 1 2 0 0 1 0
32 1 2 6 130 1 1
27 4 2 4 3 1 1
21 1 2 1 1 2 0
23 3 2 0 1 2 0
33 1 2 3 115 2 1
64 1 2 0 1 2 0
42 6 1 0 281 1 0
20 1 2 0 1 1 0
26 3 2 1 1 2 0
30 1 2 18 62 1 1
23 4 2 0 1 2 1
23 1 2 10 4 1 1
60 1 2 13 2 1 1
46 1 2 2 65 1 1
56 3 2 0 0 2 1
45 1 1 0 1 1 0
26 1 2 4 0 1 1
47 1 1 4 1 2 0
29 1 1 7 2 1 1
32 1 2 9 56 1 0
23 6 2 0 1 1 0
29 1 2 10 29 1 1
33 4 2 11 1 1 1
22 1 2 1 21 1 1
28 1 1 1 1 1 0
36 3 2 0 36 1 0
32 4 2 1 0 1 0
24 1 2 0 2 1 0
33 1 2 9 3 2 1
46 1 2 2 1 2 0
31 3 2 9 1 2 1
49 3 2 3 35 1 1
24 1 2 0 0 1 1
57 1 2 28 2 1 1
36 1 2 14 2 1 1
43 1 2 23 102 1 0
42 1 2 0 7 2 0
32 3 2 4 0 1 1
26 3 2 1 6 1 0
74 3 2 0 1 2 0
24 1 2 3 1 1 1
24 4 1 1 1 2 0
22 6 2 0 1 1 0
33 1 2 2 1 2 0
22 1 2 1 1 2 1
50 3 2 4 26 2 0
28 3 1 7 7 1 1
35 1 1 5 7 1 1
33 1 2 0 0 1 1
36 1 1 1 1 2 0
28 1 2 2 1 1 1
63 1 2 1 2 1 0
69 3 1 5 1 1 0
41 1 2 18 299 1 1
44 3 2 1 1 2 0
29 1 1 0 1 1 0
52 3 1 0 1 2 0
23 1 2 1 2 1 1
22 4 1 0 1 2 0
26 3 2 0 1 1 0
24 1 2 0 20 2 1
45 1 2 4 3 2 0
22 4 2 0 1 1 1
24 1 2 4 3 1 1
26 4 1 1 5 2 0
47 1 2 0 1 2 0
26 1 2 0 0 1 0
36 1 2 9 1 1 1
33 3 2 2 2 2 1
52 3 2 1 1 2 0
51 3 2 0 0 1 0
47 1 2 7 57 1 1
38 3 2 1 1 2 1
67 3 2 1 1 1 0
47 1 2 1 1 1 0
66 3 2 0 1 2 0
39 3 2 0 1 1 0
49 3 1 2 82 2 0
45 1 1 9 75 2 0
22 2 2 1 0 2 0
46 3 1 7 4 1 1
29 1 2 15 2 1 1
28 1 2 2 2 2 1
22 1 1 0 1 1 1
20 1 2 1 5 1 1
34 3 2 5 1 1 0
22 1 2 8 39 1 1
25 3 2 3 172 2 1
34 1 2 1 1 1 0
34 3 2 1 1 1 0
54 1 2 10 0 1 1
51 6 2 0 1 1 1
36 3 1 5 1 1 1
20 2 2 2 52 1 1
30 1 2 8 55 1 1
44 4 2 0 1 2 1
23 1 1 1 28 1 1
40 3 2 0 1 1 0
27 3 1 0 0 2 1
23 4 2 2 2 1 0
25 1 2 3 1 1 1
47 1 2 14 31 2 0
27 1 1 3 2 1 1
38 1 2 16 33 2 1
27 1 2 0 5 2 1
24 4 2 0 0 2 0
30 3 2 4 5 1 1
33 1 2 4 17 2 1
29 1 1 2 10 1 1
38 6 2 0 1 2 0
56 1 2 31 0 1 1
26 1 2 0 3 1 0
28 1 1 5 1 1 0
43 1 2 5 14 2 0
29 1 2 2 1 1 1
22 1 2 1 1 1 1
74 3 2 2 10 1 0
47 1 2 4 64 1 1
42 3 1 4 5 1 1
43 3 1 0 1 2 0
28 1 1 6 2 2 1
24 1 1 0 1 1 0
26 2 2 2 200 1 1
56 1 2 0 1 2 0
47 4 2 3 6 2 1
49 3 2 0 1 1 0
36 6 1 1 1 2 0
24 3 1 1 3 1 0
30 1 2 3 2 1 1
28 3 2 11 1 1 0
50 4 1 1 1 1 1
39 1 1 1 3 1 1
26 1 1 4 1 1 1
56 1 2 4 17 1 0
58 3 2 8 1 2 0
33 1 2 3 0 1 0
31 1 1 9 1 1 1
25 3 2 5 10 2 0
25 3 2 7 3 2 1
20 1 2 1 109 1 1
30 3 1 3 1 1 0
29 3 2 14 0 1 1
31 4 2 1 117 2 0
21 1 2 0 0 1 1
44 1 2 11 1 1 1
30 3 2 2 63 1 0
35 1 2 12 1 2 1
34 3 2 4 1 1 0
26 1 2 2 1 2 0
51 3 2 4 1 2 0
36 1 2 0 3 2 0
26 3 2 3 1 2 1
21 1 2 1 30 1 0
59 1 2 5 151 2 0
29 1 2 7 4 1 1
28 4 2 1 1 1 0
37 1 2 4 1 1 0
41 3 2 0 0 2 0
31 4 2 7 1 2 1
23 1 2 0 2 1 1
54 3 1 1 1 2 0
30 3 2 2 6 2 0
28 3 2 0 1 2 1
22 1 2 0 2 2 0
21 1 2 0 1 1 1
27 1 2 1 16 2 0
61 1 2 4 3 2 1
60 3 2 0 3 2 1
22 4 2 0 1 2 0
22 3 1 1 1 1 0
49 3 1 3 1 1 0
61 3 1 1 0 2 0
51 1 2 7 3 2 1
49 3 1 2 11 1 0
24 1 1 0 0 1 1
36 3 1 4 2 2 1
42 3 2 5 31 1 0
36 1 2 9 58 1 0
57 3 2 14 20 1 1
36 3 2 0 1 2 0
34 1 2 3 2 2 1
24 1 2 2 33 2 1
32 3 2 0 1 1 0
25 1 2 1 9 1 0
30 3 1 2 1 2 1
35 1 2 8 62 2 1
43 1 2 0 1 2 0
28 1 2 1 1 1 0
32 1 2 4 1 1 0
23 3 2 0 3 1 0
20 1 1 0 5 2 1
30 1 2 19 9 1 1
26 4 2 0 173 1 0
44 4 2 0 1 1 0
30 1 2 2 6 2 0
21 3 2 0 3 2 1
30 1 2 0 1 2 1
20 1 2 0 1 1 0
23 1 2 0 2 1 0
23 1 2 0 2 1 0
57 6 2 0 1 1 0
33 1 1 3 1 2 0
23 4 1 2 2 1 1
